31 21 31 
31 21 31 
32 16 
32 16 
20 22 
20 22 
22 21 22 
22 21 22 
21 22 
21 22 
21 2 
21 2 
14 21 14 
14 21 14 
21 22 
21 22 
33 21 33 
33 21 33 
33 21 22 
33 21 22 
32 21 32 
32 21 32 
21 22 
21 22 
21 20 22 
21 20 22 
22 21 22 21 22 21 22 21 22 21 22 21 22 21 22 21 22 
22 21 22 21 22 21 22 21 22 21 22 21 22 21 22 21 22 
22 21 22 21 22 21 22 21 22 21 22 21 22 21 22 21 22 
22 21 22 21 22 21 22 21 22 21 22 21 22 21 22 21 22 
22 21 22 21 22 21 22 21 22 21 22 21 22 21 22 21 22 
22 21 22 21 22 21 22 21 22 21 22 21 22 21 22 21 22 
22 21 22 21 22 21 22 21 22 21 22 21 22 21 22 21 22 
22 21 22 21 22 21 22 21 22 21 22 21 22 21 22 21 22 
22 21 22 21 22 21 22 21 22 21 22 21 22 21 22 21 22 
22 21 22 21 22 21 22 21 22 21 22 21 22 21 22 21 22 
22 21 22 21 22 21 22 21 22 21 22 21 22 21 22 21 22 
22 21 22 21 22 21 22 21 22 21 22 21 22 21 22 21 22 
22 21 22 21 22 21 22 21 22 21 22 21 22 21 22 21 22 
22 21 22 21 22 21 22 21 22 21 22 21 22 21 22 21 22 
22 21 22 21 22 21 22 21 22 21 22 21 22 21 22 21 22 
22 21 22 21 22 21 22 21 22 21 22 21 22 21 22 21 22 
22 21 22 21 22 21 22 21 22 21 22 21 22 21 22 21 22 
22 21 22 21 22 21 22 21 22 21 22 21 22 21 22 21 22 
22 21 22 21 22 21 22 21 22 21 22 21 22 21 22 21 22 
22 21 22 21 22 21 22 21 22 21 22 21 22 21 22 21 22 
22 21 22 21 22 21 22 21 22 21 22 21 22 21 22 21 22 
22 21 22 21 22 21 22 21 22 21 22 21 22 21 22 21 22 
22 21 22 21 22 21 22 21 22 21 22 21 22 21 22 21 22 
22 21 22 21 22 21 22 21 22 21 22 21 22 21 22 21 22 
22 21 22 21 22 21 22 21 22 21 22 21 22 21 22 21 22 
22 21 22 21 22 21 22 21 22 21 22 21 22 21 22 21 22 
22 21 22 21 22 21 22 21 22 21 22 21 22 21 22 21 22 
22 21 22 21 22 21 22 21 22 21 22 21 22 21 22 21 22 
22 21 22 21 22 21 22 21 22 21 22 21 22 21 22 21 22 
22 21 22 21 22 21 22 21 22 21 22 21 22 21 22 21 22 
22 21 22 21 22 21 22 21 22 21 22 21 22 21 22 21 22 
22 21 22 21 22 21 22 21 22 21 22 21 22 21 22 21 22 
22 21 22 21 22 21 22 21 22 21 22 21 22 21 22 21 22 
22 21 22 21 22 21 22 21 22 21 22 21 22 21 22 21 22 
22 21 22 21 22 21 22 21 22 21 22 21 22 21 22 21 22 
22 21 22 21 22 21 22 21 22 21 22 21 22 21 22 21 22 
22 21 22 21 22 21 22 21 22 21 22 21 22 21 22 21 22 
22 21 22 21 22 21 22 21 22 21 22 21 22 21 22 21 22 
22 21 22 21 22 21 22 21 22 21 22 21 22 21 22 21 22 
22 21 22 21 22 21 22 21 22 21 22 21 22 21 22 21 22 
22 21 22 21 22 21 22 21 22 21 22 21 22 21 22 21 22 
22 21 22 21 22 21 22 21 22 21 22 21 22 21 22 21 22 
22 21 22 21 22 21 22 21 22 21 22 21 22 21 22 21 22 
22 21 22 21 22 21 22 21 22 21 22 21 22 21 22 21 22 
22 21 22 21 22 21 22 21 22 21 22 21 22 21 22 21 22 
22 21 22 21 22 21 22 21 22 21 22 21 22 21 22 21 22 
22 21 22 21 22 21 22 21 22 21 22 21 22 21 22 21 22 
22 21 22 21 22 21 22 21 22 21 22 21 22 21 22 21 22 
22 21 22 21 22 21 22 21 22 21 22 21 22 21 22 21 22 
22 21 22 21 22 21 22 21 22 21 22 21 22 21 22 21 22 
22 21 22 21 22 21 22 21 22 21 22 21 22 21 22 21 22 
22 21 22 21 22 21 22 21 22 21 22 21 22 21 22 21 22 
22 21 22 21 22 21 22 21 22 21 22 21 22 21 22 21 22 
22 21 22 21 22 21 22 21 22 21 22 21 22 21 22 21 22 
21 22 
21 22 
16 21 16 
16 21 16 
16 29 
16 29 
0 21 0 
0 21 0 
31 21 31 
31 21 31 
32 21 32 16 
32 21 32 16 
32 22 
32 22 
20 22 
20 22 
21 22 
21 22 
20 22 
20 22 
22 21 22 21 22 21 22 21 22 21 22 
22 21 22 21 22 21 22 21 22 21 22 
33 22 
33 22 
16 21 16 21 16 
16 21 16 21 16 
16 21 16 21 16 
16 21 16 21 16 
16 21 16 21 16 
16 21 16 21 16 
16 21 16 21 16 
16 21 16 21 16 
31 16 
31 16 
16 21 16 
16 21 16 
22 29 16 
22 29 16 
22 29 16 
22 29 16 
22 29 16 
22 29 16 
22 29 16 
22 29 16 
21 22 
21 22 
21 22 
21 22 
33 21 33 
33 21 33 
32 16 32 16 32 
32 16 32 16 32 
20 21 20 
20 21 20 
21 22 
21 22 
21 22 
21 22 
21 20 
21 20 
32 16 
32 16 
22 21 22 21 22 21 22 
22 21 22 21 22 21 22 
16 21 16 
16 21 16 
31 32 31 32 31 32 31 32 
31 32 31 32 31 32 31 32 
16 21 16 
16 21 16 
16 21 16 
16 21 16 
21 20 
21 20 
16 22 
16 22 
22 21 20 
22 21 20 
22 21 22 
22 21 22 
21 22 
21 22 
16 21 16 
16 21 16 
1 31 
1 31 
32 21 32 21 32 21 32 22 
32 21 32 21 32 21 32 22 
21 33 
21 33 
31 21 31 
31 21 31 
21 33 
21 33 
32 22 
32 22 
16 20 
16 20 
22 20 
22 20 
33 21 16 21 16 
33 21 16 21 16 
31 22 21 31 
31 22 21 31 
16 21 16 32 21 32 21 32 
16 21 16 32 21 32 21 32 
34 21 34 
34 21 34 
33 22 
33 22 
21 31 
21 31 
31 21 31 
31 21 31 
32 16 
32 16 
20 22 
20 22 
6 21 6 22 
6 21 6 22 
0 21 0 
0 21 0 
21 32 
21 32 
16 21 16 
16 21 16 
31 22 
31 22 
0 21 0 
0 21 0 
22 21 22 21 22 21 22 21 22 21 22 21 22 21 22 21 22 
22 21 22 21 22 21 22 21 22 21 22 21 22 21 22 21 22 
22 21 22 21 22 21 22 21 22 21 22 21 22 21 22 21 22 
22 21 22 21 22 21 22 21 22 21 22 21 22 21 22 21 22 
22 21 22 21 22 21 22 21 22 21 22 21 22 21 22 21 22 
22 21 22 21 22 21 22 21 22 21 22 21 22 21 22 21 22 
22 21 22 21 22 21 22 21 22 21 22 21 22 21 22 21 22 
22 21 22 21 22 21 22 21 22 21 22 21 22 21 22 21 22 
22 21 22 21 22 21 22 21 22 21 22 21 22 21 22 21 22 
22 21 22 21 22 21 22 21 22 21 22 21 22 21 22 21 22 
22 21 22 21 22 21 22 21 22 21 22 21 22 21 22 21 22 
22 21 22 21 22 21 22 21 22 21 22 21 22 21 22 21 22 
22 21 22 21 22 21 22 21 22 21 22 21 22 21 22 21 22 
22 21 22 21 22 21 22 21 22 21 22 21 22 21 22 21 22 
22 21 22 21 22 21 22 21 22 21 22 21 22 21 22 21 22 
22 21 22 21 22 21 22 21 22 21 22 21 22 21 22 21 22 
22 21 22 21 22 21 22 21 22 21 22 21 22 21 22 21 22 
22 21 22 21 22 21 22 21 22 21 22 21 22 21 22 21 22 
22 21 22 21 22 21 22 21 22 21 22 21 22 21 22 21 22 
22 21 22 21 22 21 22 21 22 21 22 21 22 21 22 21 22 
22 21 22 21 22 21 22 21 22 21 22 21 22 21 22 21 22 
22 21 22 21 22 21 22 21 22 21 22 21 22 21 22 21 22 
22 21 22 21 22 21 22 21 22 21 22 21 22 21 22 21 22 
22 21 22 21 22 21 22 21 22 21 22 21 22 21 22 21 22 
22 21 22 21 22 21 22 21 22 21 22 21 22 21 22 21 22 
22 21 22 21 22 21 22 21 22 21 22 21 22 21 22 21 22 
22 21 22 21 22 21 22 21 22 21 22 21 22 21 22 21 22 
22 21 22 21 22 21 22 21 22 21 22 21 22 21 22 21 22 
22 21 22 21 22 21 22 21 22 21 22 21 22 21 22 21 22 
22 21 22 21 22 21 22 21 22 21 22 21 22 21 22 21 22 
22 21 22 21 22 21 22 21 22 21 22 21 22 21 22 21 22 
22 21 22 21 22 21 22 21 22 21 22 21 22 21 22 21 22 
22 21 22 21 22 21 22 21 22 21 22 21 22 21 22 21 22 
22 21 22 21 22 21 22 21 22 21 22 21 22 21 22 21 22 
22 21 22 21 22 21 22 21 22 21 22 21 22 21 22 21 22 
22 21 22 21 22 21 22 21 22 21 22 21 22 21 22 21 22 
22 21 22 21 22 21 22 21 22 21 22 21 22 21 22 21 22 
22 21 22 21 22 21 22 21 22 21 22 21 22 21 22 21 22 
22 21 22 21 22 21 22 21 22 21 22 21 22 21 22 21 22 
22 21 22 21 22 21 22 21 22 21 22 21 22 21 22 21 22 
22 21 22 21 22 21 22 21 22 21 22 21 22 21 22 21 22 
22 21 22 21 22 21 22 21 22 21 22 21 22 21 22 21 22 
22 21 22 21 22 21 22 21 22 21 22 21 22 21 22 21 22 
22 21 22 21 22 21 22 21 22 21 22 21 22 21 22 21 22 
22 21 22 21 22 21 22 21 22 21 22 21 22 21 22 21 22 
22 21 22 21 22 21 22 21 22 21 22 21 22 21 22 21 22 
22 21 22 21 22 21 22 21 22 21 22 21 22 21 22 21 22 
22 21 22 21 22 21 22 21 22 21 22 21 22 21 22 21 22 
22 21 22 21 22 21 22 21 22 21 22 21 22 21 22 21 22 
22 21 22 21 22 21 22 21 22 21 22 21 22 21 22 21 22 
22 21 22 21 22 21 22 21 22 21 22 21 22 21 22 21 22 
22 21 22 21 22 21 22 21 22 21 22 21 22 21 22 21 22 
22 21 22 21 22 21 22 21 22 21 22 21 22 21 22 21 22 
22 21 22 21 22 21 22 21 22 21 22 21 22 21 22 21 22 
21 22 
21 22 
21 22 
21 22 
20 22 
20 22 
32 16 32 
32 16 32 
16 21 16 
16 21 16 
9 36 
9 36 
20 21 
20 21 
20 21 
20 21 
20 21 
20 21 
20 22 
20 22 
22 0 22 
22 0 22 
22 0 22 
22 0 22 
2 32 16 
2 32 16 
16 32 
16 32 
21 32 
21 32 
21 20 
21 20 
32 21 32 21 32 21 32 21 32 21 32 
32 21 32 21 32 21 32 21 32 21 32 
21 1 21 1 
21 1 21 1 
22 21 22 21 22 21 22 21 22 21 22 21 22 21 22 21 22 
22 21 22 21 22 21 22 21 22 21 22 21 22 21 22 21 22 
22 21 22 21 22 21 22 21 22 21 22 21 22 21 22 21 22 
22 21 22 21 22 21 22 21 22 21 22 21 22 21 22 21 22 
22 21 22 21 22 21 22 21 22 21 22 21 22 21 22 21 22 
22 21 22 21 22 21 22 21 22 21 22 21 22 21 22 21 22 
22 21 22 21 22 21 22 21 22 21 22 21 22 21 22 21 22 
22 21 22 21 22 21 22 21 22 21 22 21 22 21 22 21 22 
22 21 22 21 22 21 22 21 22 21 22 21 22 21 22 21 22 
22 21 22 21 22 21 22 21 22 21 22 21 22 21 22 21 22 
22 21 22 21 22 21 22 21 22 21 22 21 22 21 22 21 22 
22 21 22 21 22 21 22 21 22 21 22 21 22 21 22 21 22 
22 21 22 21 22 21 22 21 22 21 22 21 22 21 22 21 22 
22 21 22 21 22 21 22 21 22 21 22 21 22 21 22 21 22 
22 21 22 21 22 21 22 21 22 21 22 21 22 21 22 21 22 
22 21 22 21 22 21 22 21 22 21 22 21 22 21 22 21 22 
22 21 22 21 22 21 22 21 22 21 22 21 22 21 22 21 22 
22 21 22 21 22 21 22 21 22 21 22 21 22 21 22 21 22 
22 21 22 21 22 21 22 21 22 21 22 21 22 21 22 21 22 
22 21 22 21 22 21 22 21 22 21 22 21 22 21 22 21 22 
22 21 22 21 22 21 22 21 22 21 22 21 22 21 22 21 22 
22 21 22 21 22 21 22 21 22 21 22 21 22 21 22 21 22 
22 21 22 21 22 21 22 21 22 21 22 21 22 21 22 21 22 
22 21 22 21 22 21 22 21 22 21 22 21 22 21 22 21 22 
22 21 22 21 22 21 22 21 22 21 22 21 22 21 22 21 22 
22 21 22 21 22 21 22 21 22 21 22 21 22 21 22 21 22 
22 21 22 21 22 21 22 21 22 21 22 21 22 21 22 21 22 
22 21 22 21 22 21 22 21 22 21 22 21 22 21 22 21 22 
22 21 22 21 22 21 22 21 22 21 22 21 22 21 22 21 22 
22 21 22 21 22 21 22 21 22 21 22 21 22 21 22 21 22 
22 21 22 21 22 21 22 21 22 21 22 21 22 21 22 21 22 
22 21 22 21 22 21 22 21 22 21 22 21 22 21 22 21 22 
22 21 22 21 22 21 22 21 22 21 22 21 22 21 22 21 22 
22 21 22 21 22 21 22 21 22 21 22 21 22 21 22 21 22 
22 21 22 21 22 21 22 21 22 21 22 21 22 21 22 21 22 
22 21 22 21 22 21 22 21 22 21 22 21 22 21 22 21 22 
22 21 22 21 22 21 22 21 22 21 22 21 22 21 22 21 22 
22 21 22 21 22 21 22 21 22 21 22 21 22 21 22 21 22 
22 21 22 21 22 21 22 21 22 21 22 21 22 21 22 21 22 
22 21 22 21 22 21 22 21 22 21 22 21 22 21 22 21 22 
22 21 22 21 22 21 22 21 22 21 22 21 22 21 22 21 22 
22 21 22 21 22 21 22 21 22 21 22 21 22 21 22 21 22 
22 21 22 21 22 21 22 21 22 21 22 21 22 21 22 21 22 
22 21 22 21 22 21 22 21 22 21 22 21 22 21 22 21 22 
22 21 22 21 22 21 22 21 22 21 22 21 22 21 22 21 22 
22 21 22 21 22 21 22 21 22 21 22 21 22 21 22 21 22 
22 21 22 21 22 21 22 21 22 21 22 21 22 21 22 21 22 
22 21 22 21 22 21 22 21 22 21 22 21 22 21 22 21 22 
22 21 22 21 22 21 22 21 22 21 22 21 22 21 22 21 22 
22 21 22 21 22 21 22 21 22 21 22 21 22 21 22 21 22 
22 21 22 21 22 21 22 21 22 21 22 21 22 21 22 21 22 
22 21 22 21 22 21 22 21 22 21 22 21 22 21 22 21 22 
22 21 22 21 22 21 22 21 22 21 22 21 22 21 22 21 22 
22 21 22 21 22 21 22 21 22 21 22 21 22 21 22 21 22 
32 21 22 
32 21 22 
32 21 22 
32 21 22 
22 20 
22 20 
32 21 32 
32 21 32 
1 33 
1 33 
32 21 32 
32 21 32 
20 22 
20 22 
22 21 22 
22 21 22 
33 21 
33 21 
33 22 
33 22 
32 21 32 
32 21 32 
21 22 
21 22 
20 22 
20 22 
32 21 32 21 32 
32 21 32 21 32 
21 22 
21 22 
21 22 
21 22 
21 22 
21 22 
32 21 32 
32 21 32 
32 21 32 
32 21 32 
31 32 31 
31 32 31 
21 32 
21 32 
22 21 34 
22 21 34 
32 22 
32 22 
21 22 
21 22 
34 22 
34 22 
16 21 16 
16 21 16 
32 31 
32 31 
16 32 16 21 22 
16 32 16 21 22 
16 21 16 21 16 21 16 
16 21 16 21 16 21 16 
21 32 
21 32 
21 30 21 22 
21 30 21 22 
22 21 22 
22 21 22 
22 21 22 
22 21 22 
32 31 
32 31 
16 32 16 30 
16 32 16 30 
22 21 22 
22 21 22 
11 22 
11 22 
32 21 32 
32 21 32 
16 21 16 11 21 11 
16 21 16 11 21 11 
22 21 
22 21 
21 22 21 22 
21 22 21 22 
32 29 
32 29 
32 29 
32 29 
22 21 22 
22 21 22 
32 21 32 
32 21 32 
16 21 16 
16 21 16 
21 22 
21 22 
30 12 30 
30 12 30 
16 21 16 
16 21 16 
31 21 31 
31 21 31 
31 21 31 
31 21 31 
31 32 31 16 32 16 32 16 32 31 32 
31 32 31 16 32 16 32 16 32 31 32 
21 31 3 32 3 16 3 16 30 
21 31 3 32 3 16 3 16 30 
16 21 16 21 16 
16 21 16 21 16 
32 21 32 
32 21 32 
32 16 32 16 32 16 32 16 31 16 31 16 32 16 32 22 
32 16 32 16 32 16 32 16 31 16 31 16 32 16 32 22 
21 22 
21 22 
32 16 31 32 
32 16 31 32 
32 21 32 
32 21 32 
32 21 32 
32 21 32 
29 31 8 31 3 8 30 31 22 
29 31 8 31 3 8 30 31 22 
32 21 32 
32 21 32 
21 30 
21 30 
21 32 
21 32 
21 32 22 
21 32 22 
32 21 32 21 32 
32 21 32 21 32 
16 32 16 31 
16 32 16 31 
16 21 16 
16 21 16 
21 22 
21 22 
21 22 
21 22 
21 22 
21 22 
22 21 22 
22 21 22 
16 32 
16 32 
22 21 22 
22 21 22 
22 21 22 
22 21 22 
32 21 32 
32 21 32 
21 30 
21 30 
21 30 
21 30 
21 30 
21 30 
22 32 16 
22 32 16 
16 21 16 
16 21 16 
22 21 
22 21 
21 22 
21 22 
16 32 16 
16 32 16 
37 22 
37 22 
16 21 16 21 16 21 16 
16 21 16 21 16 21 16 
16 21 16 21 16 21 16 
16 21 16 21 16 21 16 
32 31 32 22 
32 31 32 22 
21 30 22 
21 30 22 
20 32 
20 32 
34 22 
34 22 
22 21 
22 21 
32 16 32 16 22 34 
32 16 32 16 22 34 
16 2 21 22 
16 2 21 22 
16 2 21 22 
16 2 21 22 
16 21 16 
16 21 16 
21 22 
21 22 
21 22 
21 22 
21 22 
21 22 
16 21 16 31 21 31 32 21 32 21 32 
16 21 16 31 21 31 32 21 32 21 32 
16 21 16 31 21 31 32 21 32 21 32 
16 21 16 31 21 31 32 21 32 21 32 
16 21 16 31 21 31 32 21 32 21 32 
16 21 16 31 21 31 32 21 32 21 32 
16 21 16 21 16 21 16 21 16 
16 21 16 21 16 21 16 21 16 
31 21 32 
31 21 32 
31 32 31 3 
31 32 31 3 
16 32 16 
16 32 16 
31 21 31 
31 21 31 
16 21 16 
16 21 16 
33 28 
33 28 
33 28 
33 28 
21 32 
21 32 
33 28 
33 28 
33 28 
33 28 
31 32 
31 32 
21 32 
21 32 
33 28 
33 28 
33 28 
33 28 
33 28 
33 28 
31 21 31 21 31 21 31 
31 21 31 21 31 21 31 
21 16 
21 16 
33 28 
33 28 
33 28 
33 28 
33 28 
33 28 
31 21 31 21 31 21 31 21 31 21 31 
31 21 31 21 31 21 31 21 31 21 31 
33 28 
33 28 
22 16 21 16 
22 16 21 16 
32 21 32 
32 21 32 
16 21 16 
16 21 16 
31 21 31 
31 21 31 
16 21 16 
16 21 16 
31 21 31 
31 21 31 
34 21 34 
34 21 34 
32 21 32 
32 21 32 
32 21 32 
32 21 32 
34 21 34 21 34 21 34 
34 21 34 21 34 21 34 
33 21 33 
33 21 33 
31 21 31 21 31 21 31 21 31 21 31 
31 21 31 21 31 21 31 21 31 21 31 
21 27 
21 27 
33 28 
33 28 
16 21 16 
16 21 16 
33 28 
33 28 
31 21 31 
31 21 31 
32 16 
32 16 
35 21 35 21 16 
35 21 35 21 16 
32 21 32 
32 21 32 
33 28 
33 28 
1 32 
1 32 
16 21 16 21 16 
16 21 16 21 16 
31 21 31 21 31 21 31 
31 21 31 21 31 21 31 
31 22 
31 22 
33 28 
33 28 
32 21 32 22 
32 21 32 22 
21 20 
21 20 
32 21 32 
32 21 32 
20 16 1 16 32 21 16 20 16 32 21 16 
20 16 1 16 32 21 16 20 16 32 21 16 
16 21 16 21 16 21 16 21 16 
16 21 16 21 16 21 16 21 16 
32 21 32 
32 21 32 
32 21 32 
32 21 32 
21 22 
21 22 
32 31 
32 31 
32 21 32 
32 21 32 
32 21 32 
32 21 32 
1 22 
1 22 
1 22 
1 22 
20 21 
20 21 
31 21 31 
31 21 31 
20 22 
20 22 
21 1 
21 1 
21 33 22 
21 33 22 
21 33 22 
21 33 22 
31 21 31 
31 21 31 
31 21 31 
31 21 31 
20 22 
20 22 
31 21 31 
31 21 31 
31 21 31 
31 21 31 
0 21 0 
0 21 0 
32 16 32 16 32 16 32 16 32 11 33 32 16 32 16 32 16 32 16 32 16 32 16 32 16 
32 16 32 16 32 16 32 16 32 11 33 32 16 32 16 32 16 32 16 32 16 32 16 32 16 
32 16 32 16 32 16 32 16 32 11 33 32 16 32 16 32 16 32 16 32 16 32 16 32 16 
32 16 32 16 32 16 32 16 32 11 33 32 16 32 16 32 16 32 16 32 16 32 16 32 16 
32 21 32 
32 21 32 
31 21 31 
31 21 31 
33 28 
33 28 
16 21 16 
16 21 16 
33 0 
33 0 
16 21 16 
16 21 16 
16 21 16 
16 21 16 
31 21 31 21 31 21 31 
31 21 31 21 31 21 31 
16 21 16 21 16 21 16 
16 21 16 21 16 21 16 
16 21 16 
16 21 16 
16 21 16 
16 21 16 
3 21 3 
3 21 3 
16 21 16 
16 21 16 
27 22 
27 22 
21 22 
21 22 
32 21 32 
32 21 32 
0 21 0 
0 21 0 
31 21 31 
31 21 31 
0 21 0 
0 21 0 
21 32 
21 32 
21 32 
21 32 
16 21 16 
16 21 16 
21 32 
21 32 
32 21 32 
32 21 32 
21 32 
21 32 
21 32 
21 32 
32 21 32 
32 21 32 
21 32 
21 32 
21 32 
21 32 
21 32 
21 32 
32 21 32 
32 21 32 
32 21 32 
32 21 32 
16 21 16 
16 21 16 
32 21 32 
32 21 32 
31 21 31 
31 21 31 
21 22 
21 22 
31 21 31 
31 21 31 
31 21 31 
31 21 31 
31 21 31 
31 21 31 
31 21 31 
31 21 31 
21 0 31 
21 0 31 
21 0 31 
21 0 31 
31 21 31 
31 21 31 
31 21 31 
31 21 31 
21 0 31 
21 0 31 
21 0 31 
21 0 31 
31 21 31 
31 21 31 
21 32 
21 32 
20 21 
20 21 
0 21 0 
0 21 0 
32 21 32 
32 21 32 
16 22 
16 22 
16 22 
16 22 
20 22 
20 22 
20 22 
20 22 
20 22 
20 22 
20 22 
20 22 
1 22 
1 22 
1 22 
1 22 
20 1 22 
20 1 22 
20 1 22 
20 1 22 
20 1 22 
20 1 22 
20 1 22 
20 1 22 
20 1 22 
20 1 22 
20 22 
20 22 
20 22 
20 22 
20 22 
20 22 
20 22 
20 22 
16 21 16 
16 21 16 
16 22 
16 22 
20 22 
20 22 
31 21 31 
31 21 31 
20 22 
20 22 
21 36 
21 36 
32 21 32 22 
32 21 32 22 
33 22 
33 22 
31 21 31 
31 21 31 
31 21 31 
31 21 31 
31 21 31 
31 21 31 
22 20 21 22 
22 20 21 22 
0 21 0 21 0 21 0 21 0 
0 21 0 21 0 21 0 21 0 
0 21 0 21 0 21 0 21 0 
0 21 0 21 0 21 0 21 0 
31 21 31 
31 21 31 
31 21 31 
31 21 31 
16 22 
16 22 
31 21 31 
31 21 31 
16 22 
16 22 
20 21 22 
20 21 22 
32 21 32 
32 21 32 
21 22 
21 22 
21 16 
21 16 
31 22 
31 22 
31 22 
31 22 
32 21 32 21 32 21 32 
32 21 32 21 32 21 32 
2 34 20 34 
2 34 20 34 
14 22 
14 22 
14 22 
14 22 
16 21 16 
16 21 16 
33 22 
33 22 
31 21 31 
31 21 31 
21 32 
21 32 
20 22 
20 22 
16 21 16 
16 21 16 
16 21 16 21 16 
16 21 16 21 16 
16 21 16 
16 21 16 
16 21 16 
16 21 16 
20 22 
20 22 
33 21 33 
33 21 33 
33 16 21 16 21 16 22 
33 16 21 16 21 16 22 
27 22 
27 22 
16 21 16 
16 21 16 
32 21 32 21 32 20 
32 21 32 21 32 20 
32 21 32 21 32 20 
32 21 32 21 32 20 
32 21 32 21 32 20 
32 21 32 21 32 20 
31 21 31 
31 21 31 
22 0 
22 0 
16 21 16 
16 21 16 
16 21 16 21 16 21 16 
16 21 16 21 16 21 16 
20 22 21 22 
20 22 21 22 
1 22 
1 22 
16 21 16 21 16 21 16 
16 21 16 21 16 21 16 
16 21 16 21 16 21 16 
16 21 16 21 16 21 16 
16 21 16 
16 21 16 
32 21 32 
32 21 32 
33 28 
33 28 
21 22 
21 22 
32 21 32 16 21 16 32 21 32 16 21 16 
32 21 32 16 21 16 32 21 32 16 21 16 
31 21 31 
31 21 31 
21 32 
21 32 
16 21 22 
16 21 22 
32 20 22 32 
32 20 22 32 
32 20 22 32 
32 20 22 32 
32 21 32 21 32 21 32 
32 21 32 21 32 21 32 
32 20 22 21 32 
32 20 22 21 32 
32 20 22 21 32 
32 20 22 21 32 
32 20 22 21 32 
32 20 22 21 32 
32 20 22 21 32 
32 20 22 21 32 
32 20 22 21 32 
32 20 22 21 32 
32 20 22 21 32 
32 20 22 21 32 
32 20 22 21 32 
32 20 22 21 32 
32 20 22 21 32 
32 20 22 21 32 
32 20 22 21 32 
32 20 22 21 32 
32 20 22 21 32 
32 20 22 21 32 
31 21 31 
31 21 31 
1 20 
1 20 
3 21 3 
3 21 3 
21 32 21 32 21 31 21 32 
21 32 21 32 21 31 21 32 
33 22 
33 22 
33 21 33 22 
33 21 33 22 
31 21 31 
31 21 31 
33 21 33 
33 21 33 
31 21 31 
31 21 31 
16 21 16 
16 21 16 
22 21 22 
22 21 22 
32 21 32 
32 21 32 
31 21 31 
31 21 31 
1 21 1 22 
1 21 1 22 
1 22 
1 22 
32 21 32 
32 21 32 
21 31 20 
21 31 20 
21 22 
21 22 
32 21 32 21 32 21 32 21 32 21 32 
32 21 32 21 32 21 32 21 32 21 32 
32 31 
32 31 
33 21 33 
33 21 33 
22 16 
22 16 
31 21 31 
31 21 31 
2 31 
2 31 
33 21 33 
33 21 33 
32 31 
32 31 
31 21 31 32 21 32 21 32 
31 21 31 32 21 32 21 32 
31 21 31 32 21 32 21 32 
31 21 31 32 21 32 21 32 
16 2 
16 2 
32 21 32 
32 21 32 
16 21 16 
16 21 16 
16 21 16 
16 21 16 
31 21 31 21 31 21 31 21 31 21 31 
31 21 31 21 31 21 31 21 31 21 31 
32 22 
32 22 
21 32 22 
21 32 22 
16 21 16 
16 21 16 
32 21 32 
32 21 32 
16 21 16 21 16 21 16 
16 21 16 21 16 21 16 
32 22 
32 22 
16 22 
16 22 
0 22 
0 22 
0 22 
0 22 
0 22 
0 22 
32 31 22 
32 31 22 
32 31 22 
32 31 22 
32 31 22 
32 31 22 
16 21 16 
16 21 16 
16 21 16 
16 21 16 
32 22 
32 22 
32 22 
32 22 
16 31 
16 31 
21 22 
21 22 
3 22 
3 22 
3 22 
3 22 
11 21 11 
11 21 11 
11 21 11 
11 21 11 
32 16 
32 16 
31 21 31 
31 21 31 
33 21 33 
33 21 33 
34 21 34 
34 21 34 
34 21 34 
34 21 34 
34 21 34 
34 21 34 
34 21 34 
34 21 34 
34 21 34 
34 21 34 
34 21 34 
34 21 34 
34 21 34 
34 21 34 
32 21 32 
32 21 32 
21 22 
21 22 
16 22 
16 22 
32 21 32 
32 21 32 
32 33 16 22 
32 33 16 22 
16 21 
16 21 
20 22 
20 22 
32 21 32 21 32 21 32 
32 21 32 21 32 21 32 
20 21 
20 21 
21 22 
21 22 
33 21 33 
33 21 33 
27 22 
27 22 
32 21 32 
32 21 32 
32 21 32 
32 21 32 
16 21 16 
16 21 16 
32 21 32 
32 21 32 
32 21 32 
32 21 32 
32 21 32 
32 21 32 
32 21 32 
32 21 32 
32 21 32 
32 21 32 
32 21 32 
32 21 32 
32 21 32 
32 21 32 
16 21 16 
16 21 16 
16 21 16 
16 21 16 
16 21 16 
16 21 16 
20 22 
20 22 
32 21 32 
32 21 32 
16 22 
16 22 
22 21 22 
22 21 22 
22 21 22 
22 21 22 
21 22 
21 22 
34 22 
34 22 
34 22 
34 22 
0 22 
0 22 
34 22 
34 22 
34 22 
34 22 
34 22 
34 22 
33 21 33 
33 21 33 
34 22 
34 22 
16 21 16 
16 21 16 
32 21 32 
32 21 32 
21 20 
21 20 
31 21 31 
31 21 31 
16 21 16 
16 21 16 
32 21 32 
32 21 32 
32 21 32 
32 21 32 
16 22 
16 22 
16 21 16 
16 21 16 
33 22 
33 22 
16 21 16 21 16 21 16 
16 21 16 21 16 21 16 
31 21 31 21 31 21 31 
31 21 31 21 31 21 31 
21 33 
21 33 
31 21 31 
31 21 31 
32 22 
32 22 
22 33 
22 33 
31 21 31 21 31 21 31 21 31 21 31 
31 21 31 21 31 21 31 21 31 21 31 
16 21 16 
16 21 16 
16 21 16 
16 21 16 
31 21 31 
31 21 31 
32 22 
32 22 
16 21 16 
16 21 16 
22 21 22 
22 21 22 
32 16 32 
32 16 32 
31 21 31 21 31 21 31 
31 21 31 21 31 21 31 
22 21 22 
22 21 22 
21 22 
21 22 
31 21 31 
31 21 31 
22 21 22 
22 21 22 
16 21 16 
16 21 16 
16 21 16 
16 21 16 
0 22 
0 22 
31 21 31 21 31 21 31 21 31 21 31 
31 21 31 21 31 21 31 21 31 21 31 
33 21 33 
33 21 33 
33 21 33 
33 21 33 
32 21 32 
32 21 32 
32 21 32 
32 21 32 
22 21 22 
22 21 22 
32 31 22 1 
32 31 22 1 
32 31 22 1 
32 31 22 1 
32 31 22 1 
32 31 22 1 
32 31 22 1 
32 31 22 1 
32 31 22 1 
32 31 22 1 
16 21 16 
16 21 16 
32 21 32 
32 21 32 
31 21 31 21 31 21 31 22 
31 21 31 21 31 21 31 22 
16 21 16 
16 21 16 
1 22 
1 22 
16 22 
16 22 
16 21 16 21 16 21 16 
16 21 16 21 16 21 16 
21 22 
21 22 
16 22 
16 22 
32 21 32 22 
32 21 32 22 
16 21 16 21 16 
16 21 16 21 16 
21 0 22 
21 0 22 
32 22 
32 22 
32 22 
32 22 
16 21 16 
16 21 16 
16 21 16 21 16 21 16 
16 21 16 21 16 21 16 
31 21 31 21 31 21 31 
31 21 31 21 31 21 31 
31 21 31 
31 21 31 
33 21 33 
33 21 33 
2 22 20 
2 22 20 
2 22 20 
2 22 20 
1 21 1 
1 21 1 
34 21 34 
34 21 34 
31 16 32 
31 16 32 
32 21 32 
32 21 32 
11 22 
11 22 
20 22 
20 22 
16 1 31 
16 1 31 
16 1 31 16 
16 1 31 16 
31 21 31 21 31 21 31 
31 21 31 21 31 21 31 
31 22 
31 22 
16 21 16 
16 21 16 
32 21 32 
32 21 32 
22 21 22 
22 21 22 
32 21 32 
32 21 32 
32 21 32 
32 21 32 
34 22 
34 22 
16 21 16 
16 21 16 
16 21 16 
16 21 16 
22 32 21 32 22 
22 32 21 32 22 
21 31 
21 31 
16 22 
16 22 
16 22 
16 22 
16 22 
16 22 
33 22 
33 22 
32 21 32 
32 21 32 
16 32 16 2 20 
16 32 16 2 20 
16 22 
16 22 
35 21 35 
35 21 35 
28 33 
28 33 
16 21 16 
16 21 16 
33 31 
33 31 
21 32 22 21 32 22 
21 32 22 21 32 22 
16 22 
16 22 
33 22 
33 22 
2 16 
2 16 
2 16 32 
2 16 32 
34 21 34 21 34 21 34 21 34 
34 21 34 21 34 21 34 21 34 
34 21 34 21 34 21 34 21 34 
34 21 34 21 34 21 34 21 34 
34 21 34 21 34 21 34 21 34 
34 21 34 21 34 21 34 21 34 
21 22 
21 22 
32 21 32 
32 21 32 
32 21 32 
32 21 32 
20 22 
20 22 
31 21 31 
31 21 31 
21 22 
21 22 
21 22 
21 22 
31 21 31 21 31 21 31 
31 21 31 21 31 21 31 
31 21 31 21 31 21 31 21 31 21 31 
31 21 31 21 31 21 31 21 31 21 31 
32 22 
32 22 
16 21 16 21 16 
16 21 16 21 16 
16 21 16 21 16 
16 21 16 21 16 
21 2 
21 2 
1 21 1 22 
1 21 1 22 
1 21 1 22 
1 21 1 22 
1 21 1 22 
1 21 1 22 
1 22 
1 22 
21 22 
21 22 
27 21 
27 21 
30 22 
30 22 
2 20 
2 20 
2 20 
2 20 
27 22 
27 22 
32 21 32 
32 21 32 
32 21 32 
32 21 32 
16 21 16 
16 21 16 
16 21 16 
16 21 16 
16 21 16 
16 21 16 
32 22 
32 22 
21 31 
21 31 
32 21 32 
32 21 32 
21 22 
21 22 
21 22 
21 22 
16 21 16 
16 21 16 
1 22 
1 22 
1 22 
1 22 
1 22 
1 22 
21 32 21 32 
21 32 21 32 
16 21 16 
16 21 16 
16 21 16 
16 21 16 
16 21 16 21 16 
16 21 16 21 16 
16 21 16 21 16 
16 21 16 21 16 
31 21 31 
31 21 31 
20 22 
20 22 
32 33 
32 33 
16 21 16 
16 21 16 
31 21 31 
31 21 31 
21 22 
21 22 
16 21 16 21 16 21 16 
16 21 16 21 16 21 16 
16 21 16 21 16 21 16 
16 21 16 21 16 21 16 
32 16 
32 16 
31 21 31 
31 21 31 
16 21 16 
16 21 16 
16 21 16 21 16 21 16 
16 21 16 21 16 21 16 
0 21 0 
0 21 0 
20 21 
20 21 
20 22 
20 22 
0 21 0 
0 21 0 
31 21 31 21 31 21 31 21 31 22 
31 21 31 21 31 21 31 21 31 22 
3 22 
3 22 
34 21 34 
34 21 34 
32 21 32 31 21 31 22 
32 21 32 31 21 31 22 
32 21 32 31 21 31 22 
32 21 32 31 21 31 22 
21 22 
21 22 
21 22 
21 22 
21 33 
21 33 
21 22 
21 22 
31 22 
31 22 
32 21 32 21 32 21 32 21 32 22 
32 21 32 21 32 21 32 21 32 22 
32 21 32 21 32 21 32 21 32 22 
32 21 32 21 32 21 32 21 32 22 
16 21 16 
16 21 16 
21 22 
21 22 
32 21 32 
32 21 32 
32 21 32 
32 21 32 
32 21 32 
32 21 32 
32 21 32 
32 21 32 
32 21 32 
32 21 32 
32 20 22 
32 20 22 
16 21 16 
16 21 16 
21 1 22 
21 1 22 
27 22 
27 22 
21 31 
21 31 
0 21 0 21 0 
0 21 0 21 0 
0 21 0 21 0 
0 21 0 21 0 
0 21 0 21 0 
0 21 0 21 0 
0 21 0 21 0 
0 21 0 21 0 
1 21 1 
1 21 1 
32 21 32 
32 21 32 
31 21 31 
31 21 31 
16 21 16 
16 21 16 
0 21 0 21 0 
0 21 0 21 0 
0 21 0 21 0 
0 21 0 21 0 
32 16 20 32 
32 16 20 32 
0 21 0 21 0 
0 21 0 21 0 
0 21 0 21 0 
0 21 0 21 0 
32 20 32 22 
32 20 32 22 
0 21 0 
0 21 0 
31 22 
31 22 
22 21 22 
22 21 22 
21 33 
21 33 
31 16 35 31 16 31 16 31 16 31 16 22 
31 16 35 31 16 31 16 31 16 31 16 22 
21 1 2 14 
21 1 2 14 
1 21 
1 21 
20 33 22 
20 33 22 
32 22 
32 22 
16 21 16 
16 21 16 
16 31 
16 31 
16 21 16 
16 21 16 
32 22 
32 22 
16 31 
16 31 
31 21 31 
31 21 31 
16 20 22 
16 20 22 
0 22 
0 22 
33 20 
33 20 
21 32 
21 32 
32 21 32 
32 21 32 
21 16 
21 16 
21 16 2 
21 16 2 
21 22 
21 22 
21 22 
21 22 
21 22 
21 22 
21 22 
21 22 
21 22 
21 22 
21 27 
21 27 
21 22 
21 22 
21 22 
21 22 
21 22 
21 22 
21 22 
21 22 
21 22 
21 22 
21 22 
21 22 
21 16 
21 16 
16 21 16 21 16 21 16 21 16 21 16 
16 21 16 21 16 21 16 21 16 21 16 
16 21 16 
16 21 16 
32 21 32 
32 21 32 
21 20 22 
21 20 22 
31 21 31 21 31 21 31 
31 21 31 21 31 21 31 
21 22 33 21 33 
21 22 33 21 33 
31 21 31 
31 21 31 
0 21 0 21 0 
0 21 0 21 0 
20 14 
20 14 
20 14 
20 14 
20 14 
20 14 
20 14 
20 14 
20 14 
20 14 
32 2 
32 2 
33 21 
33 21 
31 32 31 32 
31 32 31 32 
31 21 31 21 31 21 31 
31 21 31 21 31 21 31 
20 32 
20 32 
32 16 
32 16 
21 22 
21 22 
16 21 16 
16 21 16 
32 21 32 21 32 
32 21 32 21 32 
16 21 16 21 16 21 16 
16 21 16 21 16 21 16 
16 21 16 
16 21 16 
21 32 
21 32 
21 27 
21 27 
16 21 16 21 16 
16 21 16 21 16 
21 22 
21 22 
20 32 
20 32 
32 21 32 
32 21 32 
22 21 22 
22 21 22 
20 21 32 
20 21 32 
32 21 32 
32 21 32 
0 1 0 
0 1 0 
16 22 
16 22 
22 16 
22 16 
16 21 16 
16 21 16 
0 22 
0 22 
0 22 0 
0 22 0 
21 1 21 1 16 22 
21 1 21 1 16 22 
0 21 0 31 21 31 
0 21 0 31 21 31 
21 22 
21 22 
21 22 
21 22 
22 21 22 
22 21 22 
21 0 
21 0 
21 22 
21 22 
0 21 0 31 21 31 
0 21 0 31 21 31 
0 21 0 31 21 31 
0 21 0 31 21 31 
33 21 33 
33 21 33 
11 22 
11 22 
31 21 31 
31 21 31 
16 21 16 
16 21 16 
21 22 
21 22 
31 21 31 
31 21 31 
31 21 31 
31 21 31 
31 21 31 
31 21 31 
31 21 31 
31 21 31 
21 33 21 
21 33 21 
32 21 32 
32 21 32 
16 22 
16 22 
16 22 
16 22 
16 21 16 
16 21 16 
21 22 
21 22 
21 22 
21 22 
32 21 32 
32 21 32 
22 21 32 
22 21 32 
16 22 
16 22 
16 22 
16 22 
16 22 
16 22 
21 3 
21 3 
21 3 
21 3 
16 21 16 
16 21 16 
3 21 3 
3 21 3 
21 22 
21 22 
16 31 32 22 32 21 22 
16 31 32 22 32 21 22 
21 32 
21 32 
32 21 32 
32 21 32 
31 21 31 21 31 21 33 
31 21 31 21 31 21 33 
31 21 31 21 31 21 31 
31 21 31 21 31 21 31 
28 33 
28 33 
32 21 32 21 32 
32 21 32 21 32 
32 21 32 21 32 
32 21 32 21 32 
32 21 32 21 32 22 
32 21 32 21 32 22 
31 21 30 22 
31 21 30 22 
16 21 16 
16 21 16 
16 21 16 21 16 
16 21 16 21 16 
16 22 
16 22 
16 22 
16 22 
32 21 32 
32 21 32 
31 32 
31 32 
33 21 33 
33 21 33 
3 16 
3 16 
19 16 32 
19 16 32 
0 1 16 31 
0 1 16 31 
0 22 
0 22 
31 21 31 
31 21 31 
2 16 21 16 
2 16 21 16 
16 22 
16 22 
16 22 
16 22 
16 22 
16 22 
16 22 
16 22 
16 22 
16 22 
16 22 
16 22 
33 22 
33 22 
21 20 
21 20 
22 21 22 
22 21 22 
24 1 22 33 20 4 
24 1 22 33 20 4 
24 1 22 33 20 4 
24 1 22 33 20 4 
16 22 
16 22 
16 22 
16 22 
16 22 
16 22 
2 20 22 
2 20 22 
24 1 22 33 20 4 
24 1 22 33 20 4 
31 21 31 
31 21 31 
14 21 14 
14 21 14 
14 21 14 
14 21 14 
32 21 32 
32 21 32 
32 21 32 
32 21 32 
32 21 32 
32 21 32 
27 22 
27 22 
27 22 
27 22 
20 22 
20 22 
16 32 16 32 16 32 
16 32 16 32 16 32 
16 21 16 21 16 29 21 29 
16 21 16 21 16 29 21 29 
16 22 
16 22 
16 32 
16 32 
16 32 
16 32 
29 21 29 16 21 16 21 16 
29 21 29 16 21 16 21 16 
0 21 0 21 0 21 0 21 0 21 0 21 0 21 0 21 0 21 0 
0 21 0 21 0 21 0 21 0 21 0 21 0 21 0 21 0 21 0 
31 21 31 
31 21 31 
27 22 
27 22 
35 21 35 
35 21 35 
35 21 35 
35 21 35 
35 21 35 
35 21 35 
31 22 
31 22 
32 21 32 
32 21 32 
31 21 31 
31 21 31 
31 21 31 
31 21 31 
22 21 22 
22 21 22 
32 21 32 
32 21 32 
22 21 22 
22 21 22 
11 21 11 
11 21 11 
11 21 11 
11 21 11 
11 21 11 
11 21 11 
11 21 11 
11 21 11 
21 32 21 32 21 32 21 32 
21 32 21 32 21 32 21 32 
32 21 32 21 32 21 32 21 31 
32 21 32 21 32 21 32 21 31 
32 21 32 31 21 31 22 
32 21 32 31 21 31 22 
32 21 32 31 21 31 22 
32 21 32 31 21 31 22 
32 21 32 31 21 31 22 
32 21 32 31 21 31 22 
31 21 31 
31 21 31 
31 21 31 
31 21 31 
31 21 31 
31 21 31 
31 21 31 
31 21 31 
31 21 31 
31 21 31 
31 21 31 
31 21 31 
32 20 
32 20 
31 21 30 22 
31 21 30 22 
32 22 
32 22 
32 22 
32 22 
34 21 34 
34 21 34 
21 22 
21 22 
21 20 31 16 31 16 21 20 21 32 21 32 16 22 
21 20 31 16 31 16 21 20 21 32 21 32 16 22 
16 21 16 21 16 32 21 32 31 21 31 16 21 16 21 16 
16 21 16 21 16 32 21 32 31 21 31 16 21 16 21 16 
21 22 
21 22 
21 22 
21 22 
22 21 22 
22 21 22 
21 32 21 32 21 32 
21 32 21 32 21 32 
32 21 32 21 32 
32 21 32 21 32 
0 22 
0 22 
32 21 32 
32 21 32 
33 28 
33 28 
22 20 32 21 32 
22 20 32 21 32 
22 20 32 21 32 
22 20 32 21 32 
31 21 31 
31 21 31 
31 21 31 
31 21 31 
21 3 21 3 22 
21 3 21 3 22 
3 22 
3 22 
32 21 32 
32 21 32 
22 20 
22 20 
32 22 
32 22 
33 28 
33 28 
32 22 
32 22 
34 21 34 
34 21 34 
16 21 16 21 16 21 16 
16 21 16 21 16 21 16 
2 21 
2 21 
21 31 
21 31 
0 22 
0 22 
32 21 32 21 22 
32 21 32 21 22 
31 21 31 
31 21 31 
32 21 32 22 
32 21 32 22 
16 21 16 21 16 21 16 
16 21 16 21 16 21 16 
1 22 
1 22 
1 22 
1 22 
31 16 
31 16 
31 16 
31 16 
31 16 
31 16 
32 21 32 
32 21 32 
32 21 32 
32 21 32 
35 21 35 
35 21 35 
16 31 16 
16 31 16 
16 21 16 21 16 29 21 29 
16 21 16 21 16 29 21 29 
31 21 31 
31 21 31 
31 22 
31 22 
31 21 31 21 31 21 31 21 31 21 31 
31 21 31 21 31 21 31 21 31 21 31 
21 22 
21 22 
33 21 33 
33 21 33 
32 22 
32 22 
16 21 16 
16 21 16 
32 22 
32 22 
16 22 
16 22 
16 22 
16 22 
16 22 
16 22 
32 22 
32 22 
21 22 
21 22 
32 31 32 31 22 
32 31 32 31 22 
21 22 
21 22 
33 22 
33 22 
21 3 21 16 3 31 22 
21 3 21 16 3 31 22 
33 21 32 22 
33 21 32 22 
21 22 
21 22 
21 27 
21 27 
16 21 16 21 16 21 16 21 16 31 21 31 
16 21 16 21 16 21 16 21 16 31 21 31 
3 21 16 21 22 
3 21 16 21 22 
16 32 
16 32 
32 21 32 
32 21 32 
31 21 31 
31 21 31 
32 21 32 
32 21 32 
32 21 32 21 32 
32 21 32 21 32 
21 22 
21 22 
21 22 
21 22 
21 22 
21 22 
22 21 22 
22 21 22 
31 22 
31 22 
31 22 
31 22 
31 22 
31 22 
31 22 
31 22 
31 21 31 
31 21 31 
34 21 34 
34 21 34 
32 22 
32 22 
33 22 
33 22 
16 21 16 21 16 21 16 
16 21 16 21 16 21 16 
0 22 
0 22 
16 21 16 
16 21 16 
16 21 16 
16 21 16 
16 22 
16 22 
31 21 31 22 
31 21 31 22 
27 22 
27 22 
32 21 32 
32 21 32 
31 21 31 21 31 21 31 
31 21 31 21 31 21 31 
22 21 22 
22 21 22 
21 22 
21 22 
21 22 
21 22 
22 21 22 
22 21 22 
31 22 
31 22 
31 22 
31 22 
31 22 
31 22 
16 21 16 21 16 21 16 
16 21 16 21 16 21 16 
31 22 
31 22 
22 21 22 
22 21 22 
16 21 16 
16 21 16 
16 21 16 
16 21 16 
32 16 31 22 
32 16 31 22 
21 20 22 
21 20 22 
22 21 22 
22 21 22 
16 22 
16 22 
20 22 
20 22 
20 22 
20 22 
31 21 31 21 31 21 31 
31 21 31 21 31 21 31 
22 21 22 
22 21 22 
21 31 21 34 
21 31 21 34 
1 21 1 
1 21 1 
12 22 
12 22 
12 22 
12 22 
31 21 31 21 31 21 31 
31 21 31 21 31 21 31 
31 21 31 21 31 21 31 
31 21 31 21 31 21 31 
21 22 
21 22 
21 22 
21 22 
32 22 
32 22 
21 22 
21 22 
22 16 
22 16 
16 22 
16 22 
22 16 
22 16 
0 21 0 
0 21 0 
35 21 35 
35 21 35 
12 21 12 22 
12 21 12 22 
35 21 35 
35 21 35 
35 21 35 22 
35 21 35 22 
21 22 
21 22 
31 21 31 
31 21 31 
21 32 
21 32 
33 22 
33 22 
33 22 
33 22 
21 27 
21 27 
22 32 
22 32 
20 21 
20 21 
32 21 32 
32 21 32 
32 21 32 
32 21 32 
32 21 32 21 32 21 32 
32 21 32 21 32 21 32 
16 32 20 22 
16 32 20 22 
22 21 22 
22 21 22 
32 21 32 
32 21 32 
32 21 32 
32 21 32 
32 21 32 
32 21 32 
31 21 31 
31 21 31 
32 21 32 
32 21 32 
32 21 32 
32 21 32 
32 21 32 
32 21 32 
21 16 21 16 21 16 21 16 21 16 21 16 21 16 
21 16 21 16 21 16 21 16 21 16 21 16 21 16 
31 21 31 
31 21 31 
32 21 32 
32 21 32 
32 21 32 
32 21 32 
32 21 32 
32 21 32 
32 21 32 
32 21 32 
32 21 32 
32 21 32 
32 21 32 
32 21 32 
32 21 32 
32 21 32 
32 21 32 
32 21 32 
32 21 32 
32 21 32 
33 21 33 
33 21 33 
32 21 32 
32 21 32 
33 21 33 
33 21 33 
32 21 32 
32 21 32 
33 21 33 
33 21 33 
31 16 31 32 31 32 16 32 31 16 32 16 31 
31 16 31 32 31 32 16 32 31 16 32 16 31 
31 21 31 21 31 21 31 21 31 21 31 
31 21 31 21 31 21 31 21 31 21 31 
32 21 32 22 
32 21 32 22 
22 6 
22 6 
32 21 32 
32 21 32 
21 2 
21 2 
21 32 
21 32 
32 21 32 
32 21 32 
32 21 32 
32 21 32 
14 22 
14 22 
31 21 31 21 31 21 31 
31 21 31 21 31 21 31 
21 22 
21 22 
16 21 16 21 16 21 16 21 16 21 16 
16 21 16 21 16 21 16 21 16 21 16 
16 21 16 21 16 21 16 
16 21 16 21 16 21 16 
16 32 
16 32 
32 22 
32 22 
16 32 
16 32 
32 22 
32 22 
32 22 
32 22 
32 22 
32 22 
32 21 32 
32 21 32 
16 21 16 
16 21 16 
16 21 16 
16 21 16 
34 21 34 
34 21 34 
34 21 34 
34 21 34 
1 21 1 
1 21 1 
1 21 1 
1 21 1 
31 21 31 21 31 21 31 21 31 21 31 
31 21 31 21 31 21 31 21 31 21 31 
2 32 
2 32 
31 22 
31 22 
31 21 31 
31 21 31 
31 21 31 
31 21 31 
31 21 31 
31 21 31 
32 21 32 
32 21 32 
32 21 32 
32 21 32 
32 21 32 
32 21 32 
32 21 32 
32 21 32 
32 21 32 
32 21 32 
32 21 32 
32 21 32 
32 21 32 
32 21 32 
32 21 32 
32 21 32 
32 21 32 
32 21 32 
32 21 32 
32 21 32 
32 21 32 
32 21 32 
32 21 32 
32 21 32 
32 21 32 
32 21 32 
32 21 32 
32 21 32 
0 22 
0 22 
32 21 32 
32 21 32 
1 22 
1 22 
1 22 
1 22 
33 20 
33 20 
33 20 
33 20 
16 21 16 21 16 
16 21 16 21 16 
20 16 
20 16 
16 21 16 
16 21 16 
20 16 
20 16 
20 16 
20 16 
16 21 16 
16 21 16 
22 21 
22 21 
16 21 16 
16 21 16 
21 20 
21 20 
21 33 22 
21 33 22 
16 20 
16 20 
21 22 
21 22 
22 21 22 
22 21 22 
20 16 
20 16 
20 16 
20 16 
22 21 22 
22 21 22 
31 21 31 
31 21 31 
20 21 
20 21 
20 21 
20 21 
31 21 31 21 31 21 31 21 31 21 31 
31 21 31 21 31 21 31 21 31 21 31 
32 21 32 
32 21 32 
32 21 32 
32 21 32 
32 21 32 
32 21 32 
32 21 32 
32 21 32 
32 21 32 
32 21 32 
32 21 32 
32 21 32 
32 21 32 
32 21 32 
32 21 32 
32 21 32 
16 21 16 
16 21 16 
32 21 32 
32 21 32 
16 22 
16 22 
32 21 32 
32 21 32 
31 21 31 21 31 
31 21 31 21 31 
32 31 20 
32 31 20 
20 16 
20 16 
20 16 
20 16 
20 16 
20 16 
20 21 31 21 1 
20 21 31 21 1 
27 22 
27 22 
31 21 31 
31 21 31 
11 21 11 
11 21 11 
16 21 16 21 16 21 16 
16 21 16 21 16 21 16 
0 21 0 
0 21 0 
20 32 
20 32 
20 32 
20 32 
32 21 32 
32 21 32 
33 21 33 
33 21 33 
20 21 32 
20 21 32 
16 32 
16 32 
16 32 
16 32 
21 32 
21 32 
35 21 35 
35 21 35 
31 21 31 
31 21 31 
1 21 1 27 1 21 1 22 
1 21 1 27 1 21 1 22 
1 21 1 27 1 21 1 22 
1 21 1 27 1 21 1 22 
35 22 
35 22 
31 21 31 21 31 21 31 
31 21 31 21 31 21 31 
31 21 31 21 31 21 31 
31 21 31 21 31 21 31 
21 22 
21 22 
32 21 32 
32 21 32 
21 22 
21 22 
1 21 1 21 1 2 
1 21 1 21 1 2 
3 21 
3 21 
21 22 
21 22 
16 21 16 21 16 
16 21 16 21 16 
31 21 31 
31 21 31 
1 21 1 2 
1 21 1 2 
20 22 
20 22 
21 32 
21 32 
20 22 
20 22 
32 21 32 21 32 21 32 
32 21 32 21 32 21 32 
0 21 0 
0 21 0 
28 33 
28 33 
0 21 0 
0 21 0 
32 2 
32 2 
21 22 
21 22 
31 22 
31 22 
21 32 
21 32 
21 16 
21 16 
32 21 32 
32 21 32 
32 21 32 
32 21 32 
1 21 1 
1 21 1 
20 21 20 22 
20 21 20 22 
31 21 31 
31 21 31 
31 21 31 
31 21 31 
21 16 
21 16 
31 21 31 
31 21 31 
31 21 31 
31 21 31 
3 22 
3 22 
3 22 
3 22 
3 22 
3 22 
3 22 
3 22 
3 22 
3 22 
3 22 
3 22 
16 1 
16 1 
31 22 
31 22 
32 22 
32 22 
31 21 31 21 31 21 31 21 31 21 31 
31 21 31 21 31 21 31 21 31 21 31 
32 22 
32 22 
32 22 
32 22 
21 22 
21 22 
31 21 31 21 31 21 31 
31 21 31 21 31 21 31 
22 21 32 
22 21 32 
20 22 
20 22 
21 22 
21 22 
32 22 
32 22 
1 21 1 
1 21 1 
1 21 1 
1 21 1 
1 21 1 
1 21 1 
32 21 32 
32 21 32 
16 21 16 31 21 31 
16 21 16 31 21 31 
16 2 
16 2 
16 21 16 22 
16 21 16 22 
16 21 16 22 
16 21 16 22 
32 21 32 21 32 21 32 
32 21 32 21 32 21 32 
16 21 16 22 
16 21 16 22 
32 21 32 21 32 21 32 21 32 21 32 
32 21 32 21 32 21 32 21 32 21 32 
16 21 16 22 
16 21 16 22 
1 21 1 21 1 
1 21 1 21 1 
34 16 
34 16 
31 21 31 
31 21 31 
21 32 21 32 21 32 21 32 21 32 
21 32 21 32 21 32 21 32 21 32 
32 21 32 21 32 21 32 21 32 21 32 21 32 
32 21 32 21 32 21 32 21 32 21 32 21 32 
32 21 32 21 32 21 32 21 32 
32 21 32 21 32 21 32 21 32 
21 31 21 32 21 32 
21 31 21 32 21 32 
21 32 21 32 21 32 21 32 
21 32 21 32 21 32 21 32 
21 32 21 32 21 32 21 32 21 32 
21 32 21 32 21 32 21 32 21 32 
32 21 32 
32 21 32 
0 22 
0 22 
32 21 32 
32 21 32 
16 21 16 
16 21 16 
31 21 31 21 31 21 31 
31 21 31 21 31 21 31 
16 22 
16 22 
21 22 
21 22 
31 21 31 21 31 21 31 
31 21 31 21 31 21 31 
32 21 32 
32 21 32 
32 21 32 21 32 21 32 
32 21 32 21 32 21 32 
31 21 31 21 31 21 31 21 31 21 31 
31 21 31 21 31 21 31 21 31 21 31 
20 21 20 
20 21 20 
33 21 33 
33 21 33 
32 22 
32 22 
32 22 
32 22 
31 21 31 
31 21 31 
16 21 16 21 16 21 16 
16 21 16 21 16 21 16 
0 22 
0 22 
32 21 32 21 32 21 32 
32 21 32 21 32 21 32 
33 22 
33 22 
21 33 22 
21 33 22 
16 21 16 21 16 21 16 
16 21 16 21 16 21 16 
21 20 
21 20 
1 22 
1 22 
1 22 
1 22 
1 22 
1 22 
16 21 16 
16 21 16 
0 22 
0 22 
16 21 16 
16 21 16 
16 21 16 21 16 
16 21 16 21 16 
20 22 
20 22 
32 21 32 
32 21 32 
32 21 32 
32 21 32 
21 32 
21 32 
31 21 31 
31 21 31 
32 21 32 
32 21 32 
34 21 34 20 
34 21 34 20 
32 21 32 
32 21 32 
31 21 31 
31 21 31 
22 20 22 
22 20 22 
31 22 
31 22 
1 22 
1 22 
16 2 
16 2 
16 21 16 
16 21 16 
14 22 
14 22 
32 21 32 11 21 11 
32 21 32 11 21 11 
32 21 32 11 21 11 
32 21 32 11 21 11 
16 20 
16 20 
32 22 
32 22 
31 32 22 
31 32 22 
33 21 33 
33 21 33 
32 21 32 
32 21 32 
32 21 32 16 
32 21 32 16 
20 22 
20 22 
20 22 
20 22 
20 22 
20 22 
0 21 0 22 
0 21 0 22 
0 21 0 22 
0 21 0 22 
0 21 0 22 
0 21 0 22 
0 21 0 22 
0 21 0 22 
32 22 
32 22 
32 21 32 21 32 
32 21 32 21 32 
27 22 
27 22 
16 22 
16 22 
31 21 31 21 31 21 31 21 31 21 31 
31 21 31 21 31 21 31 21 31 21 31 
32 21 32 
32 21 32 
31 21 31 21 31 
31 21 31 21 31 
21 22 
21 22 
31 21 31 
31 21 31 
31 21 31 
31 21 31 
3 22 
3 22 
3 22 
3 22 
20 22 
20 22 
31 21 31 
31 21 31 
20 21 
20 21 
32 21 32 
32 21 32 
34 21 34 22 
34 21 34 22 
31 21 31 21 31 21 31 21 31 21 31 
31 21 31 21 31 21 31 21 31 21 31 
14 22 
14 22 
14 22 
14 22 
14 22 
14 22 
14 22 
14 22 
20 22 
20 22 
14 22 
14 22 
14 22 
14 22 
14 22 
14 22 
14 22 
14 22 
33 21 
33 21 
33 3 28 1 22 
33 3 28 1 22 
32 21 32 
32 21 32 
31 21 31 
31 21 31 
31 21 31 
31 21 31 
16 21 16 21 16 21 16 21 16 21 16 
16 21 16 21 16 21 16 21 16 21 16 
22 20 
22 20 
32 21 32 21 2 21 16 31 
32 21 32 21 2 21 16 31 
0 21 0 
0 21 0 
31 21 31 
31 21 31 
1 31 
1 31 
0 21 0 
0 21 0 
0 21 0 
0 21 0 
22 21 22 
22 21 22 
20 34 
20 34 
35 21 35 
35 21 35 
33 28 21 20 
33 28 21 20 
35 21 35 
35 21 35 
27 22 
27 22 
20 22 
20 22 
16 21 16 
16 21 16 
20 22 
20 22 
32 2 32 
32 2 32 
32 2 32 
32 2 32 
16 21 16 
16 21 16 
16 21 16 21 16 21 16 
16 21 16 21 16 21 16 
16 22 
16 22 
27 22 
27 22 
21 27 22 
21 27 22 
31 32 
31 32 
21 32 21 32 21 32 21 32 21 32 21 32 21 32 
21 32 21 32 21 32 21 32 21 32 21 32 21 32 
22 21 22 
22 21 22 
16 21 16 22 
16 21 16 22 
21 16 
21 16 
16 22 
16 22 
16 22 
16 22 
16 22 
16 22 
16 22 
16 22 
32 22 
32 22 
21 33 
21 33 
31 21 31 
31 21 31 
32 21 32 
32 21 32 
31 21 31 
31 21 31 
33 22 
33 22 
16 21 16 
16 21 16 
31 21 31 
31 21 31 
31 22 
31 22 
32 21 32 
32 21 32 
1 21 1 
1 21 1 
3 21 3 20 32 22 
3 21 3 20 32 22 
21 16 32 22 
21 16 32 22 
16 21 16 
16 21 16 
31 22 
31 22 
35 22 
35 22 
14 21 1 
14 21 1 
14 1 
14 1 
16 21 16 
16 21 16 
32 21 32 21 32 21 32 
32 21 32 21 32 21 32 
32 21 32 21 32 21 32 
32 21 32 21 32 21 32 
21 32 
21 32 
35 22 
35 22 
21 20 21 32 21 32 33 32 21 32 20 
21 20 21 32 21 32 33 32 21 32 20 
27 22 
27 22 
31 21 31 
31 21 31 
22 20 
22 20 
31 21 31 
31 21 31 
34 22 
34 22 
27 22 
27 22 
34 22 32 
34 22 32 
31 21 1 22 
31 21 1 22 
31 21 1 22 
31 21 1 22 
32 21 32 
32 21 32 
1 22 
1 22 
27 22 
27 22 
14 21 14 
14 21 14 
32 21 32 
32 21 32 
14 21 14 
14 21 14 
32 22 
32 22 
32 21 32 21 32 
32 21 32 21 32 
31 20 31 22 
31 20 31 22 
31 21 31 
31 21 31 
21 22 
21 22 
21 22 
21 22 
21 22 
21 22 
21 22 
21 22 
21 22 
21 22 
21 22 
21 22 
21 22 
21 22 
34 21 34 21 34 21 34 
34 21 34 21 34 21 34 
21 22 
21 22 
21 22 
21 22 
21 22 
21 22 
21 22 
21 22 
21 22 
21 22 
31 21 31 21 31 21 31 21 31 21 31 
31 21 31 21 31 21 31 21 31 21 31 
21 22 
21 22 
21 22 
21 22 
34 21 34 21 34 21 34 
34 21 34 21 34 21 34 
21 22 
21 22 
21 22 
21 22 
21 22 
21 22 
22 21 22 
22 21 22 
32 21 32 
32 21 32 
32 21 32 
32 21 32 
16 21 16 
16 21 16 
21 32 
21 32 
31 21 31 
31 21 31 
14 22 
14 22 
32 20 
32 20 
21 22 
21 22 
20 22 
20 22 
16 22 
16 22 
16 22 
16 22 
16 22 
16 22 
22 33 16 21 16 22 
22 33 16 21 16 22 
31 22 21 22 
31 22 21 22 
1 4 33 
1 4 33 
31 21 22 
31 21 22 
0 21 0 21 0 21 0 
0 21 0 21 0 21 0 
0 21 0 21 0 21 0 
0 21 0 21 0 21 0 
21 33 
21 33 
31 21 31 
31 21 31 
20 2 
20 2 
21 32 22 
21 32 22 
0 21 0 
0 21 0 
21 0 
21 0 
1 21 1 
1 21 1 
31 22 
31 22 
32 22 
32 22 
31 21 31 21 31 21 31 
31 21 31 21 31 21 31 
31 21 31 
31 21 31 
13 20 
13 20 
0 21 0 
0 21 0 
16 20 
16 20 
21 22 
21 22 
21 22 
21 22 
32 21 32 21 32 21 32 
32 21 32 21 32 21 32 
32 21 32 
32 21 32 
34 22 
34 22 
34 22 
34 22 
21 22 
21 22 
34 22 
34 22 
0 21 0 
0 21 0 
0 21 0 
0 21 0 
16 32 
16 32 
20 22 
20 22 
2 20 
2 20 
16 21 16 
16 21 16 
16 21 16 
16 21 16 
32 21 32 21 32 
32 21 32 21 32 
16 21 16 21 16 
16 21 16 21 16 
14 21 14 
14 21 14 
31 21 31 22 
31 21 31 22 
16 32 16 
16 32 16 
16 32 16 
16 32 16 
32 22 
32 22 
31 21 31 
31 21 31 
20 32 
20 32 
1 32 22 
1 32 22 
1 32 22 
1 32 22 
31 21 31 21 31 21 31 21 31 21 31 
31 21 31 21 31 21 31 21 31 21 31 
16 21 16 
16 21 16 
2 21 2 
2 21 2 
31 21 31 21 31 21 31 21 31 21 31 
31 21 31 21 31 21 31 21 31 21 31 
0 21 0 
0 21 0 
16 32 
16 32 
31 21 31 
31 21 31 
31 21 31 
31 21 31 
31 21 31 
31 21 31 
32 21 32 
32 21 32 
34 21 34 
34 21 34 
16 21 16 21 16 21 16 
16 21 16 21 16 21 16 
34 21 34 
34 21 34 
32 21 32 20 
32 21 32 20 
34 21 34 
34 21 34 
34 21 34 22 
34 21 34 22 
34 21 34 
34 21 34 
34 22 
34 22 
34 22 
34 22 
34 21 34 
34 21 34 
34 21 34 
34 21 34 
16 21 16 
16 21 16 
31 21 31 
31 21 31 
21 20 32 
21 20 32 
32 21 32 22 
32 21 32 22 
20 22 
20 22 
16 21 16 
16 21 16 
16 21 16 21 16 21 16 
16 21 16 21 16 21 16 
31 21 31 
31 21 31 
16 21 16 21 16 21 16 
16 21 16 21 16 21 16 
32 21 32 
32 21 32 
34 22 
34 22 
34 22 
34 22 
20 28 33 
20 28 33 
31 21 31 
31 21 31 
33 21 33 
33 21 33 
21 22 
21 22 
21 32 22 
21 32 22 
27 22 
27 22 
32 31 
32 31 
28 33 
28 33 
28 33 
28 33 
31 21 31 
31 21 31 
33 22 
33 22 
31 21 31 
31 21 31 
31 21 31 
31 21 31 
31 21 31 
31 21 31 
31 21 31 
31 21 31 
31 21 31 
31 21 31 
31 21 31 
31 21 31 
31 21 31 
31 21 31 
31 21 31 
31 21 31 
21 27 22 
21 27 22 
16 21 16 
16 21 16 
16 21 16 21 16 
16 21 16 21 16 
32 16 
32 16 
34 22 
34 22 
20 21 20 21 20 22 
20 21 20 21 20 22 
31 21 31 21 31 21 31 
31 21 31 21 31 21 31 
21 22 
21 22 
21 22 
21 22 
21 22 
21 22 
21 22 
21 22 
16 32 16 32 16 
16 32 16 32 16 
16 32 
16 32 
14 20 
14 20 
32 21 32 
32 21 32 
14 20 22 
14 20 22 
32 21 32 
32 21 32 
31 21 31 
31 21 31 
21 33 32 21 32 
21 33 32 21 32 
16 32 
16 32 
22 20 
22 20 
22 20 
22 20 
22 20 
22 20 
22 20 
22 20 
22 20 
22 20 
16 21 16 
16 21 16 
33 21 33 
33 21 33 
2 1 21 1 
2 1 21 1 
16 32 16 
16 32 16 
16 21 16 21 16 
16 21 16 21 16 
31 21 31 22 
31 21 31 22 
2 32 
2 32 
2 32 
2 32 
0 21 0 21 0 
0 21 0 21 0 
2 32 
2 32 
2 32 
2 32 
0 21 0 21 0 
0 21 0 21 0 
0 21 0 21 0 
0 21 0 21 0 
31 22 
31 22 
16 21 16 
16 21 16 
16 32 16 2 
16 32 16 2 
31 22 
31 22 
31 22 
31 22 
31 22 
31 22 
31 22 
31 22 
2 20 
2 20 
31 21 31 21 31 21 31 21 31 21 31 
31 21 31 21 31 21 31 21 31 21 31 
32 22 
32 22 
28 33 
28 33 
32 22 
32 22 
21 22 
21 22 
33 21 33 
33 21 33 
16 21 16 21 16 21 16 
16 21 16 21 16 21 16 
31 21 31 
31 21 31 
31 21 31 
31 21 31 
31 21 31 
31 21 31 
31 21 31 
31 21 31 
31 21 31 
31 21 31 
31 21 31 
31 21 31 
31 21 31 
31 21 31 
31 21 31 
31 21 31 
31 21 31 
31 21 31 
31 21 31 
31 21 31 
31 21 31 
31 21 31 
31 21 31 
31 21 31 
31 21 31 
31 21 31 
31 21 31 
31 21 31 
31 21 31 
31 21 31 
31 21 31 
31 21 31 
31 21 31 
31 21 31 
31 21 31 
31 21 31 
21 22 
21 22 
31 21 31 
31 21 31 
32 21 32 
32 21 32 
21 22 
21 22 
21 22 
21 22 
21 32 
21 32 
32 21 32 21 32 21 32 21 32 21 32 21 32 
32 21 32 21 32 21 32 21 32 21 32 21 32 
32 21 32 21 32 21 32 21 32 21 32 21 32 
32 21 32 21 32 21 32 21 32 21 32 21 32 
21 22 
21 22 
32 21 32 20 
32 21 32 20 
32 21 32 20 
32 21 32 20 
32 21 32 20 
32 21 32 20 
16 21 16 
16 21 16 
21 22 
21 22 
21 22 
21 22 
31 32 
31 32 
1 22 
1 22 
34 21 34 
34 21 34 
21 22 
21 22 
32 21 32 21 32 
32 21 32 21 32 
33 22 
33 22 
33 22 
33 22 
22 20 
22 20 
0 1 0 
0 1 0 
32 21 32 
32 21 32 
1 22 
1 22 
1 22 
1 22 
0 22 
0 22 
0 22 
0 22 
33 21 22 
33 21 22 
21 22 
21 22 
0 21 0 
0 21 0 
0 21 0 
0 21 0 
0 21 0 
0 21 0 
21 22 
21 22 
31 21 31 21 31 21 31 
31 21 31 21 31 21 31 
16 21 16 21 16 
16 21 16 21 16 
21 16 
21 16 
32 21 32 20 
32 21 32 20 
32 22 
32 22 
31 21 31 
31 21 31 
31 21 31 
31 21 31 
31 21 31 
31 21 31 
31 21 31 
31 21 31 
31 21 31 
31 21 31 
31 21 31 
31 21 31 
31 21 31 
31 21 31 
31 21 31 
31 21 31 
31 21 31 
31 21 31 
31 21 31 
31 21 31 
34 21 34 
34 21 34 
34 21 34 
34 21 34 
34 21 34 
34 21 34 
34 21 34 
34 21 34 
34 21 34 
34 21 34 
34 21 34 
34 21 34 
34 21 34 
34 21 34 
20 22 
20 22 
20 22 
20 22 
34 21 34 
34 21 34 
34 21 34 
34 21 34 
34 21 34 
34 21 34 
16 21 16 
16 21 16 
21 22 
21 22 
21 22 
21 22 
21 22 
21 22 
20 22 
20 22 
20 22 
20 22 
20 22 
20 22 
20 22 
20 22 
20 22 
20 22 
20 22 
20 22 
32 21 32 
32 21 32 
32 21 32 
32 21 32 
16 21 16 
16 21 16 
16 21 16 
16 21 16 
31 21 31 21 31 21 31 
31 21 31 21 31 21 31 
31 32 
31 32 
31 21 31 21 31 21 31 
31 21 31 21 31 21 31 
31 32 
31 32 
22 32 
22 32 
31 21 31 
31 21 31 
32 21 32 20 
32 21 32 20 
32 21 32 20 
32 21 32 20 
32 21 32 20 
32 21 32 20 
21 20 
21 20 
32 21 32 
32 21 32 
32 21 32 20 
32 21 32 20 
32 21 32 20 
32 21 32 20 
32 21 32 20 
32 21 32 20 
21 20 
21 20 
22 20 
22 20 
32 21 32 20 
32 21 32 20 
32 21 32 20 
32 21 32 20 
20 32 21 32 
20 32 21 32 
20 32 21 32 
20 32 21 32 
32 21 32 20 
32 21 32 20 
32 22 
32 22 
16 21 16 
16 21 16 
32 21 32 20 
32 21 32 20 
32 22 
32 22 
21 16 21 16 22 
21 16 21 16 22 
21 16 21 16 22 
21 16 21 16 22 
33 22 
33 22 
28 33 
28 33 
16 21 16 21 16 21 16 
16 21 16 21 16 21 16 
21 22 
21 22 
21 22 
21 22 
21 22 
21 22 
21 22 
21 22 
32 2 
32 2 
20 16 21 16 
20 16 21 16 
21 22 
21 22 
21 22 
21 22 
21 22 
21 22 
21 22 
21 22 
1 22 
1 22 
21 16 
21 16 
16 31 16 32 16 32 22 
16 31 16 32 16 32 22 
33 21 33 
33 21 33 
34 20 
34 20 
34 20 
34 20 
21 32 21 32 
21 32 21 32 
32 21 32 
32 21 32 
32 21 32 
32 21 32 
22 20 
22 20 
22 20 
22 20 
22 20 
22 20 
22 20 
22 20 
22 20 
22 20 
22 20 
22 20 
22 20 
22 20 
21 0 
21 0 
21 0 
21 0 
31 21 31 
31 21 31 
16 21 16 22 
16 21 16 22 
16 21 16 22 
16 21 16 22 
20 32 21 32 
20 32 21 32 
31 22 
31 22 
31 22 
31 22 
20 32 21 32 
20 32 21 32 
31 21 31 21 31 21 31 21 31 21 31 
31 21 31 21 31 21 31 21 31 21 31 
20 32 21 32 
20 32 21 32 
20 32 21 32 
20 32 21 32 
21 22 
21 22 
34 32 
34 32 
34 32 
34 32 
34 32 
34 32 
34 32 
34 32 
34 32 
34 32 
34 32 
34 32 
31 21 31 
31 21 31 
31 21 31 
31 21 31 
16 21 16 21 16 
16 21 16 21 16 
16 21 16 21 16 
16 21 16 21 16 
33 21 33 
33 21 33 
31 21 31 
31 21 31 
31 21 31 
31 21 31 
31 21 31 
31 21 31 
32 21 32 21 32 
32 21 32 21 32 
33 21 
33 21 
32 22 
32 22 
20 22 
20 22 
20 22 
20 22 
24 33 
24 33 
31 21 31 
31 21 31 
31 21 31 
31 21 31 
20 21 31 21 1 
20 21 31 21 1 
31 21 31 21 31 21 31 
31 21 31 21 31 21 31 
21 22 
21 22 
32 21 22 
32 21 22 
22 32 
22 32 
33 22 
33 22 
32 21 32 21 32 21 32 
32 21 32 21 32 21 32 
21 22 
21 22 
21 22 
21 22 
21 22 
21 22 
21 22 
21 22 
32 21 32 
32 21 32 
31 22 
31 22 
21 22 
21 22 
21 22 
21 22 
21 22 
21 22 
21 22 
21 22 
31 22 
31 22 
16 31 33 28 21 20 
16 31 33 28 21 20 
28 33 31 16 
28 33 31 16 
32 21 32 
32 21 32 
31 21 31 
31 21 31 
34 21 34 22 
34 21 34 22 
34 21 34 22 
34 21 34 22 
34 21 34 22 
34 21 34 22 
34 21 34 22 
34 21 34 22 
31 21 31 
31 21 31 
0 21 0 
0 21 0 
31 20 
31 20 
16 21 16 
16 21 16 
31 20 22 
31 20 22 
21 1 
21 1 
21 22 
21 22 
1 21 32 14 
1 21 32 14 
21 1 
21 1 
6 21 6 
6 21 6 
21 32 
21 32 
21 32 
21 32 
21 32 
21 32 
32 22 
32 22 
0 21 0 21 0 21 0 
0 21 0 21 0 21 0 
21 22 
21 22 
22 20 
22 20 
22 20 
22 20 
22 20 
22 20 
22 20 
22 20 
22 20 
22 20 
22 20 
22 20 
22 20 
22 20 
22 20 
22 20 
34 22 
34 22 
32 21 32 
32 21 32 
32 21 32 
32 21 32 
16 21 16 
16 21 16 
32 21 32 
32 21 32 
32 21 32 
32 21 32 
32 21 32 
32 21 32 
33 22 
33 22 
28 33 21 20 
28 33 21 20 
16 21 16 32 21 32 16 21 16 21 16 32 21 32 
16 21 16 32 21 32 16 21 16 21 16 32 21 32 
31 21 31 21 31 32 21 32 
31 21 31 21 31 32 21 32 
16 21 16 21 16 21 16 
16 21 16 21 16 21 16 
21 22 
21 22 
21 32 21 32 
21 32 21 32 
22 1 
22 1 
22 1 
22 1 
22 21 22 
22 21 22 
2 16 22 20 
2 16 22 20 
20 16 2 
20 16 2 
32 21 32 21 32 22 
32 21 32 21 32 22 
33 28 
33 28 
32 21 32 21 32 22 
32 21 32 21 32 22 
32 21 32 
32 21 32 
31 21 31 
31 21 31 
32 21 32 21 32 21 32 
32 21 32 21 32 21 32 
31 21 31 
31 21 31 
21 32 
21 32 
32 22 
32 22 
32 22 
32 22 
33 21 33 32 21 32 21 32 
33 21 33 32 21 32 21 32 
16 21 16 
16 21 16 
0 21 0 22 
0 21 0 22 
32 21 32 
32 21 32 
31 21 31 
31 21 31 
32 21 32 
32 21 32 
22 6 
22 6 
0 21 0 21 0 21 0 
0 21 0 21 0 21 0 
31 21 31 
31 21 31 
16 21 16 21 16 21 16 21 16 21 16 21 16 21 16 21 16 21 16 21 16 21 16 21 16 21 16 21 16 21 16 21 16 21 16 33 21 33 16 21 16 21 16 
16 21 16 21 16 21 16 21 16 21 16 21 16 21 16 21 16 21 16 21 16 21 16 21 16 21 16 21 16 21 16 21 16 21 16 33 21 33 16 21 16 21 16 
31 21 31 32 21 32 21 32 
31 21 31 32 21 32 21 32 
31 21 31 32 21 32 21 32 
31 21 31 32 21 32 21 32 
31 21 31 32 21 32 21 32 
31 21 31 32 21 32 21 32 
21 22 
21 22 
32 21 32 
32 21 32 
32 21 32 21 32 21 32 
32 21 32 21 32 21 32 
31 21 31 
31 21 31 
31 21 31 
31 21 31 
31 21 31 
31 21 31 
31 21 31 
31 21 31 
31 21 31 
31 21 31 
31 21 31 
31 21 31 
31 21 31 
31 21 31 
31 21 31 
31 21 31 
31 21 31 
31 21 31 
31 21 31 
31 21 31 
31 21 31 
31 21 31 
31 21 31 
31 21 31 
31 21 31 
31 21 31 
31 21 31 21 31 21 31 
31 21 31 21 31 21 31 
31 21 31 
31 21 31 
31 21 31 
31 21 31 
31 21 31 
31 21 31 
32 16 21 16 21 16 21 16 32 21 32 
32 16 21 16 21 16 21 16 32 21 32 
31 21 31 
31 21 31 
31 21 31 
31 21 31 
31 21 31 
31 21 31 
31 21 31 
31 21 31 
31 21 31 
31 21 31 
31 21 31 
31 21 31 
16 21 16 
16 21 16 
31 21 31 
31 21 31 
31 21 31 
31 21 31 
31 21 31 
31 21 31 
31 21 31 
31 21 31 
31 21 31 
31 21 31 
31 21 31 
31 21 31 
31 21 31 
31 21 31 
22 21 22 
22 21 22 
31 21 31 
31 21 31 
31 21 31 
31 21 31 
16 21 16 
16 21 16 
31 21 31 
31 21 31 
33 22 
33 22 
32 21 32 
32 21 32 
16 21 16 21 16 21 16 
16 21 16 21 16 21 16 
31 22 
31 22 
31 22 
31 22 
16 22 
16 22 
16 21 16 
16 21 16 
33 21 33 
33 21 33 
33 21 33 
33 21 33 
31 20 
31 20 
20 22 
20 22 
21 22 
21 22 
21 22 
21 22 
21 22 
21 22 
32 21 32 21 32 21 32 
32 21 32 21 32 21 32 
16 21 16 21 16 21 16 
16 21 16 21 16 21 16 
1 22 
1 22 
21 0 
21 0 
21 0 
21 0 
14 21 14 22 
14 21 14 22 
14 21 14 22 
14 21 14 22 
31 21 31 
31 21 31 
21 16 21 16 
21 16 21 16 
11 21 11 
11 21 11 
11 21 11 
11 21 11 
16 21 16 
16 21 16 
33 22 
33 22 
21 22 
21 22 
20 22 
20 22 
20 22 
20 22 
20 22 
20 22 
16 21 16 22 
16 21 16 22 
16 21 16 22 
16 21 16 22 
16 21 16 21 16 
16 21 16 21 16 
16 21 16 21 16 21 16 
16 21 16 21 16 21 16 
16 0 16 0 16 0 
16 0 16 0 16 0 
16 21 16 21 16 
16 21 16 21 16 
34 21 34 21 34 21 34 
34 21 34 21 34 21 34 
21 22 
21 22 
21 31 20 22 
21 31 20 22 
31 21 31 
31 21 31 
16 21 16 
16 21 16 
31 21 31 
31 21 31 
32 16 22 
32 16 22 
21 16 
21 16 
32 16 
32 16 
21 0 
21 0 
0 22 
0 22 
21 0 
21 0 
16 21 16 
16 21 16 
0 21 0 
0 21 0 
0 21 0 
0 21 0 
0 21 0 
0 21 0 
0 21 0 
0 21 0 
22 33 22 
22 33 22 
32 21 32 
32 21 32 
34 21 34 
34 21 34 
16 21 16 
16 21 16 
16 21 16 
16 21 16 
21 31 
1 0 
33 21 
9 36 0 21 
16 31 16 32 31 16 32 31 32 31 16 32 22 2 31 0 31 21 
16 1 16 
32 16 
1 16 31 33 
1 0 1 0 
32 2 1 22 2 21 2 
20 2 16 31 33 28 
32 16 32 34 16 32 
0 33 
20 1 
21 1 
1 21 2 31 0 16 
16 31 
0 1 
32 33 32 
0 33 21 
21 32 33 32 0 2 
33 21 
16 22 16 
25 21 
0 16 
33 21 
21 16 20 2 
32 20 
16 2 
16 32 16 
33 21 
21 33 
33 0 
21 32 31 
32 21 
0 9 36 33 1 0 
32 16 32 0 31 0 31 0 32 
16 26 
31 32 31 
20 2 
21 0 
16 11 31 
28 0 33 
16 30 16 37 
30 21 
0 20 0 20 33 
33 0 
20 33 
32 16 32 16 
32 16 32 2 32 
33 32 1 32 1 32 2 32 
16 34 16 34 32 21 
21 30 
16 31 
16 32 16 
32 16 32 
30 21 
32 16 32 16 31 
16 32 16 32 16 32 16 32 21 
32 16 32 16 32 30 16 32 12 32 16 
16 21 32 
16 32 16 
16 6 
32 16 32 16 32 16 
16 34 21 
30 21 
32 31 16 
32 16 
32 20 32 34 32 16 32 16 32 16 32 16 32 34 32 16 21 
31 32 
16 21 
16 31 32 16 
16 22 
21 16 
30 16 32 
16 22 16 32 16 32 16 32 
32 16 32 16 
30 3 34 12 32 30 32 16 32 30 34 32 
29 21 
20 16 32 31 20 16 
32 16 
21 34 
16 32 21 
16 32 16 32 16 
3 21 
30 34 21 
16 31 16 31 16 
30 21 
32 16 
32 16 32 16 32 16 32 23 16 32 16 32 16 32 16 
16 32 16 32 16 32 21 
16 22 16 32 16 32 16 32 16 32 16 32 16 32 16 32 16 32 16 32 16 32 16 32 16 32 16 32 16 32 16 32 16 32 16 32 16 32 16 
32 16 32 16 32 16 32 21 
32 31 16 32 16 
21 16 32 
32 31 
16 22 16 
32 21 
32 16 21 
31 29 32 31 21 
21 16 32 30 32 16 32 34 
16 31 16 
32 31 16 31 16 32 
32 16 
32 31 
21 32 16 
29 32 
16 32 16 
30 21 
32 16 32 16 31 
12 32 
32 21 
31 16 
30 21 32 
29 30 
30 16 21 
16 31 16 21 
16 32 16 
3 32 3 21 
16 32 16 32 16 
16 21 
31 16 32 16 
34 21 
31 32 31 
16 21 32 
21 30 12 
32 6 32 16 32 16 32 31 32 21 32 
32 21 
32 16 32 
16 32 16 21 
21 32 12 11 32 30 11 32 30 32 11 32 30 31 32 12 30 32 30 
32 16 12 16 32 16 
16 22 16 32 16 32 16 
32 31 21 30 
21 16 
31 16 32 16 
20 16 32 16 22 16 32 16 32 
16 32 
32 31 32 
21 16 30 16 32 16 
21 32 1 32 3 32 
32 21 
32 30 21 
30 21 
30 12 30 
21 32 31 16 32 16 31 16 31 32 16 32 16 
32 16 
32 29 32 16 32 16 31 32 
16 32 31 32 16 32 16 21 
32 16 32 30 32 16 32 16 32 16 32 16 32 16 32 16 32 16 32 16 32 16 32 
16 32 
30 21 
16 34 
32 12 
32 16 
16 32 16 
32 16 32 31 32 31 32 
16 32 
31 16 31 32 16 32 16 32 16 31 32 16 32 
23 31 16 21 
34 21 
32 31 32 31 
21 16 31 16 31 16 
32 16 12 16 
32 16 
32 16 
31 21 
32 31 32 
32 16 32 
32 16 
36 4 1 9 25 21 
2 1 2 
1 2 
33 20 
16 33 16 
33 0 1 32 16 32 33 32 
16 33 16 
16 32 
16 32 
16 33 32 16 32 0 1 32 16 32 33 
16 31 32 
32 16 32 0 1 16 32 
33 21 
32 16 
16 32 16 32 20 32 16 32 16 32 16 32 16 20 
16 31 16 31 1 16 32 16 2 20 31 16 2 16 32 16 
32 31 32 31 
25 21 
36 21 
33 32 33 32 
9 36 21 
36 4 
1 33 
36 9 
1 33 
32 16 32 
33 31 
16 2 33 32 16 2 16 
21 0 
31 16 
16 31 
27 36 1 33 
1 16 0 1 2 
1 16 0 1 2 
1 16 0 1 2 
21 32 
16 33 
16 31 16 
22 16 33 
2 16 
2 16 
28 33 
21 33 
16 33 22 
33 21 
16 33 
16 21 
33 31 16 32 16 
16 1 16 32 16 2 20 31 16 31 32 16 2 16 32 16 
28 33 
16 31 
16 32 21 32 
21 32 
16 33 16 
21 33 
31 16 31 
1 7 
16 33 
1 33 
16 31 16 0 
31 16 
32 21 
21 32 31 32 
21 32 
16 33 1 16 
9 36 
32 16 32 16 32 
32 16 32 16 32 
9 36 
21 33 
1 20 33 
31 16 31 
16 32 16 32 16 32 16 
21 33 
16 33 16 
32 31 
16 31 16 
16 32 
16 0 2 1 
16 0 16 2 1 
16 0 1 2 
0 22 
32 33 
31 32 
33 21 
32 33 
16 32 
32 16 32 
32 16 
16 31 
21 32 
31 16 32 31 16 32 16 32 
33 32 31 16 31 16 
16 31 
31 16 32 31 
16 21 
1 33 
31 21 
32 28 
32 33 32 
0 36 0 25 33 
33 0 
1 33 
33 1 
21 16 20 
33 20 
1 33 
3 20 31 
33 21 
1 33 4 
20 33 
34 2 14 2 34 31 2 
33 28 20 2 
16 32 16 32 16 32 16 32 
21 31 16 31 
16 32 16 32 16 32 16 32 16 32 
33 21 
16 32 16 32 16 32 16 
16 32 16 32 16 32 16 
16 32 16 32 16 31 
16 32 
16 32 
21 16 12 33 20 
16 32 
16 32 
0 1 0 
33 31 
32 16 
32 16 
20 2 
9 36 33 
32 16 
1 27 33 4 9 36 
27 21 
9 36 0 
0 16 
0 16 
1 33 27 
31 33 31 
31 16 
32 16 32 
16 33 
33 2 32 
33 20 
33 20 
32 20 33 
28 33 
32 16 
32 16 
32 16 
27 0 33 1 33 0 
9 36 0 
16 32 16 
16 32 16 
0 33 
0 33 
16 31 16 31 32 16 31 
20 33 1 
20 33 1 
16 32 31 16 32 
33 21 
21 16 33 
7 33 
9 36 
1 33 27 
16 21 33 
9 36 
22 20 
32 31 
21 2 1 2 
2 1 2 
2 1 16 2 
21 32 
32 21 
20 2 1 
33 21 
33 21 
1 0 36 
2 1 33 32 2 
2 32 2 
1 2 
16 31 
1 0 1 
2 33 32 16 
2 33 32 16 
1 20 1 
20 33 
31 32 
31 32 
33 1 
0 32 
21 32 
16 33 
31 21 
32 16 
16 33 
32 20 33 
33 25 7 
33 36 
33 21 
1 27 0 33 
1 33 
16 31 
16 31 16 
21 16 
31 16 31 3 
21 31 16 31 
16 3 
16 3 
20 33 
21 16 32 
9 36 1 27 
21 32 
33 20 
33 20 
32 2 
31 16 
31 16 
31 16 
21 16 31 16 20 
21 16 31 16 20 
16 33 27 
24 1 22 33 20 
24 1 22 33 20 
0 16 
0 16 0 
0 16 
0 16 
33 32 21 
32 31 32 
16 2 
32 33 32 
33 32 
21 32 31 
16 31 
16 31 
9 36 
27 33 
16 32 
21 16 
33 21 
36 9 
16 1 34 16 20 33 16 10 11 31 13 31 16 34 16 
21 32 16 32 16 32 16 32 
0 1 
16 20 33 
33 31 32 16 
33 31 32 16 32 16 
32 2 
33 20 
20 33 
20 33 
20 33 
0 16 0 
16 0 
1 0 33 1 0 33 
16 32 
16 32 
33 21 
20 9 7 36 21 
21 33 
21 33 
32 16 32 
10 20 
32 31 32 
1 33 
32 31 32 
32 31 32 31 32 31 32 
32 31 32 31 
32 31 32 31 
21 1 32 31 1 
32 31 
31 16 
21 16 
32 33 
31 21 1 20 
31 20 1 21 
31 33 20 31 32 
16 32 16 32 
16 32 16 32 16 
32 34 32 34 
31 16 
1 33 
1 33 
2 20 
35 32 
31 16 35 31 16 31 16 31 16 31 16 
31 16 
31 16 
32 33 
34 32 
33 37 31 
31 16 31 21 3 
31 16 
31 16 31 
32 16 
31 32 
27 21 
32 16 
32 28 
32 28 
20 33 
20 33 21 
20 32 31 
32 20 
33 21 
1 21 
21 1 
31 32 
21 33 
32 16 
1 0 
33 21 
33 16 
33 16 
1 27 4 
1 14 1 
21 16 
34 16 34 
32 0 32 20 32 0 33 16 
32 0 31 32 
33 20 
16 31 16 31 16 
16 31 16 
16 32 31 22 
32 20 31 16 31 16 
32 16 
16 33 
33 28 31 
32 26 31 16 26 
1 33 
32 31 16 
21 0 
21 32 31 32 31 32 31 32 31 32 31 
21 31 
12 21 
21 32 0 31 32 0 32 31 32 0 31 32 31 32 31 32 
1 33 
9 36 
16 32 16 32 16 
32 31 
32 31 
32 31 32 31 32 16 
22 32 
33 20 
1 31 14 1 32 16 31 32 31 
16 31 28 33 20 
16 31 21 
16 21 32 
20 21 
27 21 
16 32 16 32 
12 21 
16 32 16 
16 32 16 
16 31 
32 30 
27 33 1 
33 1 
31 22 32 2 
31 16 
31 16 
1 33 
16 20 
33 20 
31 16 0 33 27 
31 16 0 33 31 27 
20 33 
20 33 
1 0 33 0 
2 20 2 
21 20 
32 16 
32 16 
27 31 33 3 1 
33 20 31 27 1 
33 31 20 1 3 
1 31 16 3 20 33 
2 33 16 32 16 32 16 2 16 2 32 2 
2 16 
33 27 
16 32 
16 33 
33 20 
33 20 
32 16 20 
34 31 
31 32 31 2 
31 32 31 2 
2 1 20 16 32 16 
21 32 
32 16 32 16 32 16 32 16 21 16 
16 33 20 
33 32 
16 31 34 16 
33 36 33 1 
16 32 
33 31 16 32 16 32 
31 16 
21 20 
21 1 0 
32 21 
16 21 
1 16 33 16 1 16 
27 16 33 1 16 1 16 
16 32 33 32 16 32 16 32 
16 32 
16 31 16 
16 31 16 
33 21 
33 21 
31 16 3 20 33 1 
20 1 
31 16 3 20 33 
0 33 16 
31 16 3 20 33 1 
16 2 22 1 0 
16 2 22 1 0 
0 1 36 0 33 
1 20 
33 21 
16 3 16 
16 32 
33 20 
31 32 
31 1 
31 0 1 0 
32 16 
21 20 
9 36 
16 32 16 31 16 33 16 
16 33 
21 33 
31 16 
33 20 
1 27 
32 16 32 
32 2 
33 28 31 
9 36 
31 1 
31 1 
32 16 22 20 
16 20 
16 28 31 
1 0 
16 32 16 33 32 16 32 16 32 
16 2 16 2 33 16 32 16 
21 33 
16 33 
22 32 
16 31 16 
16 33 
21 33 10 32 
21 35 16 33 16 
28 33 
28 33 
35 16 1 33 
16 1 33 
32 16 22 
16 0 
21 32 
16 32 
16 20 31 
31 21 
31 21 
1 31 
1 31 
32 33 
1 31 
32 33 
2 16 
31 16 3 20 33 1 
33 21 
33 16 
20 33 
20 33 
16 31 32 31 16 32 16 
2 16 
2 16 
36 21 
33 16 
9 1 33 
33 16 
33 16 
2 16 
2 16 
33 21 
21 33 
27 1 
0 33 
32 31 32 16 32 
1 0 
0 1 
31 16 35 31 16 31 16 31 16 31 16 
16 21 
31 32 
16 32 16 32 16 
9 36 
31 16 0 16 35 0 31 16 0 31 16 0 31 16 0 31 16 0 
32 16 
32 16 
0 16 32 
33 21 
31 20 16 
16 20 
32 16 
21 0 33 20 0 
20 16 21 
16 13 14 
0 33 0 
1 33 9 36 4 
32 33 21 
33 21 
21 32 
33 21 
16 31 3 20 
16 31 3 20 
16 20 16 
28 31 33 
16 0 16 
13 32 20 
16 32 16 32 
0 4 33 9 36 
20 32 
34 32 
21 1 3 33 
21 1 3 
16 0 16 
33 16 
13 32 20 
16 33 
31 32 31 33 31 32 
1 32 16 
16 20 
16 34 20 
16 34 
36 21 
34 32 34 32 34 32 34 32 
22 21 
21 16 
0 1 31 
0 1 31 
14 31 
31 14 
16 2 
0 33 
28 16 33 
33 20 
33 20 
33 31 
33 31 
1 33 
32 16 
16 32 
25 36 9 
16 32 
33 21 
27 21 
20 16 33 
16 32 2 16 
32 31 34 
32 31 34 
20 16 33 
20 16 33 
28 33 
16 31 
31 16 31 
31 16 31 
21 31 
21 33 
32 31 
16 31 16 33 16 
1 16 0 
1 16 0 
0 25 
33 31 
31 33 
33 20 
20 31 
0 20 
1 33 1 
16 3 
