17 13 17 13 17 13 
17 13 17 13 17 13 
17 13 
17 13 
17 13 
17 13 
30 17 30 
30 17 30 
30 17 30 
30 17 30 
29 30 18 
29 30 18 
13 17 13 
13 17 13 
28 17 28 
28 17 28 
28 17 28 
28 17 28 
17 28 
17 28 
13 17 13 
13 17 13 
31 18 
31 18 
29 13 28 29 13 28 
29 13 28 29 13 28 
17 29 
17 29 
29 17 29 17 29 17 29 17 29 17 29 
29 17 29 17 29 17 29 17 29 17 29 
17 18 
17 18 
17 18 
17 18 
13 17 13 18 
13 17 13 18 
17 18 
17 18 
28 18 
28 18 
17 18 
17 18 
17 18 
17 18 
13 17 13 
13 17 13 
17 18 
17 18 
17 18 
17 18 
13 17 13 
13 17 13 
29 13 17 13 
29 13 17 13 
13 17 13 
13 17 13 
13 30 
13 30 
28 13 28 13 28 13 29 13 28 13 29 
28 13 28 13 28 13 29 13 28 13 29 
29 17 29 
29 17 29 
28 13 28 13 28 13 29 13 29 28 13 29 
28 13 28 13 28 13 29 13 29 28 13 29 
29 18 
29 18 
28 17 28 
28 17 28 
28 17 28 
28 17 28 
28 13 28 13 28 13 29 
28 13 28 13 28 13 29 
0 17 0 
0 17 0 
28 17 28 17 28 17 28 
28 17 28 17 28 17 28 
28 13 28 13 28 13 29 
28 13 28 13 28 13 29 
30 17 30 
30 17 30 
17 6 18 
17 6 18 
18 17 18 
18 17 18 
13 30 
13 30 
13 30 13 
13 30 13 
13 30 
13 30 
13 17 13 17 13 17 13 17 13 
13 17 13 17 13 17 13 17 13 
17 18 
17 18 
13 17 13 
13 17 13 
17 18 
17 18 
17 18 
17 18 
29 18 
29 18 
30 18 
30 18 
13 18 
13 18 
31 18 
31 18 
31 18 
31 18 
30 18 
30 18 
28 13 
28 13 
30 18 
30 18 
29 17 29 17 29 17 29 
29 17 29 17 29 17 29 
29 17 29 17 29 17 29 
29 17 29 17 29 17 29 
13 30 13 
13 30 13 
13 17 13 17 13 17 13 17 13 17 13 17 13 
13 17 13 17 13 17 13 17 13 17 13 17 13 
18 17 18 
18 17 18 
29 17 29 
29 17 29 
6 17 6 
6 17 6 
17 18 
17 18 
18 28 
18 28 
13 17 13 
13 17 13 
13 18 
13 18 
13 18 
13 18 
28 17 28 
28 17 28 
13 17 13 
13 17 13 
28 17 28 
28 17 28 
28 17 28 
28 17 28 
30 16 
30 16 
29 17 29 
29 17 29 
13 17 
13 17 
2 18 
2 18 
29 17 29 18 
29 17 29 18 
29 18 
29 18 
28 17 28 
28 17 28 
28 17 28 17 28 17 28 
28 17 28 17 28 17 28 
28 17 28 
28 17 28 
28 17 28 
28 17 28 
28 18 
28 18 
28 18 
28 18 
28 17 28 
28 17 28 
29 17 29 
29 17 29 
28 17 28 17 28 17 28 
28 17 28 17 28 17 28 
28 17 28 
28 17 28 
24 18 
24 18 
3 18 
3 18 
3 18 
3 18 
28 17 28 17 28 17 28 17 28 17 28 
28 17 28 17 28 17 28 17 28 17 28 
28 13 
28 13 
13 17 13 
13 17 13 
13 17 13 
13 17 13 
13 17 13 
13 17 13 
29 17 29 17 29 
29 17 29 17 29 
29 17 29 17 29 
29 17 29 17 29 
29 17 29 
29 17 29 
28 17 28 
28 17 28 
29 17 29 
29 17 29 
29 17 29 
29 17 29 
29 18 
29 18 
17 18 
17 18 
28 17 28 17 28 17 28 
28 17 28 17 28 17 28 
13 17 13 
13 17 13 
29 17 29 
29 17 29 
29 17 29 17 
29 17 29 17 
29 18 
29 18 
30 17 30 
30 17 30 
28 17 28 
28 17 28 
13 17 13 
13 17 13 
29 17 29 17 29 
29 17 29 17 29 
28 17 28 17 28 17 28 
28 17 28 17 28 17 28 
17 13 
17 13 
16 18 
16 18 
16 18 
16 18 
29 28 
29 28 
29 17 29 
29 17 29 
29 17 29 
29 17 29 
13 17 13 
13 17 13 
13 17 13 
13 17 13 
13 17 13 17 13 
13 17 13 17 13 
30 17 30 
30 17 30 
29 17 29 
29 17 29 
13 6 17 6 
13 6 17 6 
6 17 6 
6 17 6 
2 17 2 
2 17 2 
18 17 18 
18 17 18 
29 13 
29 13 
13 17 13 
13 17 13 
3 18 
3 18 
28 17 28 
28 17 28 
13 17 13 17 13 17 13 17 13 17 13 17 13 17 13 
13 17 13 17 13 17 13 17 13 17 13 17 13 17 13 
29 17 29 
29 17 29 
17 18 
17 18 
17 18 
17 18 
30 18 
30 18 
17 18 
17 18 
17 18 
17 18 
28 17 28 
28 17 28 
29 17 29 
29 17 29 
28 17 28 
28 17 28 
24 18 
24 18 
13 17 13 
13 17 13 
26 13 
26 13 
29 17 29 
29 17 29 
29 17 29 
29 17 29 
17 18 
17 18 
3 17 
3 17 
30 13 
30 13 
13 29 
13 29 
29 17 29 17 29 17 29 
29 17 29 17 29 17 29 
13 17 13 
13 17 13 
13 18 
13 18 
31 18 
31 18 
17 18 
17 18 
28 17 28 
28 17 28 
17 18 
17 18 
17 18 
17 18 
17 18 
17 18 
29 17 29 17 29 17 29 18 
29 17 29 17 29 17 29 18 
29 17 29 17 29 17 29 18 
29 17 29 17 29 17 29 18 
29 17 29 17 29 17 29 18 
29 17 29 17 29 17 29 18 
29 17 29 17 29 17 29 
29 17 29 17 29 17 29 
29 17 29 17 29 17 29 
29 17 29 17 29 17 29 
29 17 29 17 29 17 29 
29 17 29 17 29 17 29 
29 17 29 
29 17 29 
13 17 13 
13 17 13 
13 17 13 
13 17 13 
13 17 13 17 13 
13 17 13 17 13 
28 17 28 17 28 17 28 
28 17 28 17 28 17 28 
13 17 13 
13 17 13 
13 17 13 17 13 
13 17 13 17 13 
17 18 
17 18 
18 28 
18 28 
28 17 28 
28 17 28 
29 17 29 17 29 17 29 
29 17 29 17 29 17 29 
13 17 13 17 13 17 13 
13 17 13 17 13 17 13 
30 18 
30 18 
28 17 28 
28 17 28 
29 18 
29 18 
29 17 29 
29 17 29 
29 13 
29 13 
13 18 
13 18 
13 17 13 17 13 17 13 
13 17 13 17 13 17 13 
30 17 30 17 30 
30 17 30 17 30 
17 18 
17 18 
29 17 29 
29 17 29 
13 17 13 
13 17 13 
13 17 13 
13 17 13 
6 17 6 18 
6 17 6 18 
6 18 
6 18 
28 13 
28 13 
29 17 29 
29 17 29 
0 17 0 
0 17 0 
29 17 29 
29 17 29 
13 17 13 17 13 
13 17 13 17 13 
13 17 13 17 13 
13 17 13 17 13 
13 17 13 17 13 
13 17 13 17 13 
29 17 29 18 
29 17 29 18 
17 8 
17 8 
29 17 29 
29 17 29 
28 18 
28 18 
17 32 
17 32 
18 29 18 
18 29 18 
17 18 
17 18 
17 18 
17 18 
28 17 28 
28 17 28 
29 17 29 
29 17 29 
28 17 28 
28 17 28 
29 17 29 18 
29 17 29 18 
30 17 30 
30 17 30 
13 17 13 
13 17 13 
18 29 
18 29 
18 29 
18 29 
29 17 29 
29 17 29 
13 17 13 
13 17 13 
17 18 
17 18 
29 17 29 
29 17 29 
29 17 29 17 29 17 29 
29 17 29 17 29 17 29 
13 30 
13 30 
13 29 13 
13 29 13 
31 18 
31 18 
1 18 
1 18 
1 18 
1 18 
17 18 
17 18 
13 30 
13 30 
13 17 13 
13 17 13 
13 17 13 
13 17 13 
30 18 
30 18 
13 17 13 17 13 17 13 17 13 
13 17 13 17 13 17 13 17 13 
28 17 28 
28 17 28 
28 17 28 17 28 17 28 
28 17 28 17 28 17 28 
30 18 
30 18 
30 17 30 
30 17 30 
13 17 13 
13 17 13 
13 17 13 17 13 17 13 17 13 
13 17 13 17 13 17 13 17 13 
13 17 13 
13 17 13 
17 18 
17 18 
17 18 
17 18 
13 17 13 17 13 17 13 17 13 
13 17 13 17 13 17 13 17 13 
13 17 13 17 13 
13 17 13 17 13 
17 32 
17 32 
30 17 30 
30 17 30 
21 18 
21 18 
30 17 30 
30 17 30 
17 18 
17 18 
16 17 16 
16 17 16 
13 17 13 
13 17 13 
29 17 29 
29 17 29 
13 17 13 17 13 
13 17 13 17 13 
13 17 13 
13 17 13 
21 13 18 
21 13 18 
13 17 13 
13 17 13 
17 30 
17 30 
29 17 29 
29 17 29 
24 18 
24 18 
13 17 13 17 13 
13 17 13 17 13 
24 18 
24 18 
0 17 0 
0 17 0 
30 17 30 
30 17 30 
28 18 
28 18 
13 17 13 
13 17 13 
28 17 28 
28 17 28 
13 17 13 
13 17 13 
29 17 29 
29 17 29 
13 29 13 
13 29 13 
13 18 
13 18 
13 17 13 17 13 
13 17 13 17 13 
17 29 18 
17 29 18 
28 17 28 
28 17 28 
28 17 28 
28 17 28 
17 18 
17 18 
28 17 28 
28 17 28 
13 17 13 
13 17 13 
13 17 13 
13 17 13 
28 17 28 
28 17 28 
29 18 
29 18 
13 18 
13 18 
29 17 29 
29 17 29 
28 17 28 
28 17 28 
30 17 30 
30 17 30 
13 17 13 
13 17 13 
17 13 
17 13 
17 18 
17 18 
13 17 13 
13 17 13 
29 17 29 
29 17 29 
18 16 
18 16 
18 16 
18 16 
29 17 29 17 29 17 29 17 29 17 29 
29 17 29 17 29 17 29 17 29 17 29 
13 17 13 17 13 
13 17 13 17 13 
28 18 
28 18 
28 18 
28 18 
29 17 29 17 29 17 29 
29 17 29 17 29 17 29 
13 17 13 17 13 
13 17 13 17 13 
17 29 
17 29 
13 17 13 17 13 17 13 
13 17 13 17 13 17 13 
28 17 28 17 29 28 29 28 29 
28 17 28 17 29 28 29 28 29 
13 17 13 
13 17 13 
13 17 13 
13 17 13 
17 13 
17 13 
29 17 29 
29 17 29 
17 18 
17 18 
17 18 
17 18 
30 17 16 
30 17 16 
30 17 30 
30 17 30 
29 17 29 
29 17 29 
17 29 17 29 18 
17 29 17 29 18 
30 17 18 
30 17 18 
28 17 28 
28 17 28 
29 17 29 17 29 
29 17 29 17 29 
29 17 29 
29 17 29 
13 17 13 17 13 17 13 
13 17 13 17 13 17 13 
30 13 
30 13 
16 18 
16 18 
17 18 
17 18 
29 17 29 
29 17 29 
13 17 13 
13 17 13 
29 17 29 
29 17 29 
29 18 
29 18 
29 18 
29 18 
29 17 29 
29 17 29 
13 18 
13 18 
13 18 
13 18 
28 17 28 
28 17 28 
28 17 28 
28 17 28 
28 17 28 
28 17 28 
29 17 29 17 2 17 2 
29 17 29 17 2 17 2 
29 17 29 
29 17 29 
2 29 17 29 2 
2 29 17 29 2 
29 17 29 17 29 17 29 
29 17 29 17 29 17 29 
17 18 
17 18 
13 28 13 
13 28 13 
0 17 0 
0 17 0 
17 18 
17 18 
17 24 
17 24 
30 17 28 
30 17 28 
17 30 28 
17 30 28 
28 17 28 17 28 17 28 
28 17 28 17 28 17 28 
13 17 13 
13 17 13 
29 17 29 
29 17 29 
2 18 
2 18 
17 13 17 13 18 
17 13 17 13 18 
28 17 28 17 28 17 28 
28 17 28 17 28 17 28 
30 17 
30 17 
17 30 
17 30 
28 17 28 
28 17 28 
28 13 
28 13 
28 13 
28 13 
13 18 
13 18 
13 18 
13 18 
13 18 
13 18 
13 18 
13 18 
13 17 13 17 13 17 13 
13 17 13 17 13 17 13 
13 30 18 
13 30 18 
29 17 29 
29 17 29 
29 18 
29 18 
29 18 
29 18 
29 17 29 
29 17 29 
28 17 
28 17 
16 17 16 
16 17 16 
29 17 29 
29 17 29 
13 17 13 17 13 
13 17 13 17 13 
29 17 29 
29 17 29 
29 17 29 
29 17 29 
29 17 29 
29 17 29 
29 17 29 
29 17 29 
13 17 13 17 13 17 13 
13 17 13 17 13 17 13 
12 17 12 18 
12 17 12 18 
28 17 28 
28 17 28 
13 17 13 17 
13 17 13 17 
17 30 18 
17 30 18 
30 17 30 
30 17 30 
30 17 30 
30 17 30 
13 30 29 13 18 
13 30 29 13 18 
17 18 
17 18 
13 18 
13 18 
17 18 
17 18 
18 17 18 
18 17 18 
17 30 
17 30 
30 17 30 
30 17 30 
17 18 29 30 3 18 
17 18 29 30 3 18 
13 17 13 17 13 18 
13 17 13 17 13 18 
29 17 29 17 29 17 29 18 
29 17 29 17 29 17 29 18 
29 17 29 17 29 17 29 18 
29 17 29 17 29 17 29 18 
29 17 29 17 29 17 29 18 
29 17 29 17 29 17 29 18 
29 17 29 17 29 17 29 
29 17 29 17 29 17 29 
13 17 13 
13 17 13 
30 17 30 
30 17 30 
30 18 
30 18 
30 17 30 
30 17 30 
29 17 29 
29 17 29 
28 17 28 
28 17 28 
18 6 18 
18 6 18 
13 17 13 
13 17 13 
17 18 
17 18 
29 13 29 
29 13 29 
29 13 29 
29 13 29 
13 17 13 
13 17 13 
13 29 
13 29 
18 3 
18 3 
28 17 28 17 28 17 28 
28 17 28 17 28 17 28 
29 17 29 
29 17 29 
13 17 13 
13 17 13 
29 17 29 17 29 17 29 
29 17 29 17 29 17 29 
13 17 13 
13 17 13 
27 18 
27 18 
13 17 13 28 17 28 
13 17 13 28 17 28 
28 17 28 
28 17 28 
18 17 18 
18 17 18 
13 17 13 
13 17 13 
13 17 13 
13 17 13 
28 17 28 
28 17 28 
28 17 28 
28 17 28 
13 17 13 
13 17 13 
29 17 29 17 29 
29 17 29 17 29 
13 16 
13 16 
28 17 28 
28 17 28 
13 17 13 
13 17 13 
13 17 13 
13 17 13 
28 17 28 
28 17 28 
13 17 13 17 13 17 13 
13 17 13 17 13 17 13 
29 17 29 
29 17 29 
29 17 29 
29 17 29 
29 17 29 17 29 17 29 
29 17 29 17 29 17 29 
29 17 29 
29 17 29 
29 17 29 
29 17 29 
28 17 28 
28 17 28 
28 17 28 
28 17 28 
29 17 29 
29 17 29 
17 32 
17 32 
28 17 28 
28 17 28 
13 17 13 
13 17 13 
28 17 28 
28 17 28 
28 17 28 
28 17 28 
17 18 
17 18 
29 17 29 
29 17 29 
13 18 
13 18 
29 17 29 18 
29 17 29 18 
13 30 13 
13 30 13 
29 13 28 13 28 13 29 
29 13 28 13 28 13 29 
29 17 29 17 29 
29 17 29 17 29 
13 29 13 16 30 
13 29 13 16 30 
13 17 13 17 13 17 13 
13 17 13 17 13 17 13 
28 17 28 
28 17 28 
29 17 29 17 29 17 29 
29 17 29 17 29 17 29 
29 17 29 17 29 17 29 
29 17 29 17 29 17 29 
28 17 28 17 28 17 28 
28 17 28 17 28 17 28 
13 17 13 17 13 17 13 
13 17 13 17 13 17 13 
0 17 0 
0 17 0 
13 17 13 
13 17 13 
29 17 29 17 29 
29 17 29 17 29 
13 28 13 
13 28 13 
13 17 13 17 13 17 13 
13 17 13 17 13 17 13 
13 28 13 
13 28 13 
29 17 29 
29 17 29 
29 17 29 
29 17 29 
2 17 13 17 13 
2 17 13 17 13 
30 18 
30 18 
30 18 
30 18 
30 18 
30 18 
27 18 
27 18 
30 17 30 
30 17 30 
28 17 28 
28 17 28 
17 18 13 18 
17 18 13 18 
29 17 29 
29 17 29 
17 6 17 6 17 6 17 6 17 6 17 6 17 6 17 6 17 6 17 6 17 6 17 6 17 6 17 6 17 6 17 6 17 6 17 6 17 6 17 6 17 6 17 6 17 6 17 6 17 6 17 6 17 6 17 6 17 6 17 6 17 6 17 6 17 6 
17 6 17 6 17 6 17 6 17 6 17 6 17 6 17 6 17 6 17 6 17 6 17 6 17 6 17 6 17 6 17 6 17 6 17 6 17 6 17 6 17 6 17 6 17 6 17 6 17 6 17 6 17 6 17 6 17 6 17 6 17 6 17 6 17 6 
17 6 17 6 17 6 17 6 17 6 17 6 17 6 17 6 17 6 17 6 17 6 17 6 17 6 17 6 17 6 17 6 17 6 17 6 17 6 17 6 17 6 17 6 17 6 17 6 17 6 17 6 17 6 17 6 17 6 17 6 17 6 17 6 17 6 
17 6 17 6 17 6 17 6 17 6 17 6 17 6 17 6 17 6 17 6 17 6 17 6 17 6 17 6 17 6 17 6 17 6 17 6 17 6 17 6 17 6 17 6 17 6 17 6 17 6 17 6 17 6 17 6 17 6 17 6 17 6 17 6 17 6 
17 6 17 6 17 6 17 6 17 6 17 6 17 6 17 6 17 6 17 6 17 6 17 6 17 6 17 6 17 6 17 6 17 6 17 6 17 6 17 6 17 6 17 6 17 6 17 6 17 6 17 6 17 6 17 6 17 6 17 6 17 6 17 6 17 6 
17 6 17 6 17 6 17 6 17 6 17 6 17 6 17 6 17 6 17 6 17 6 17 6 17 6 17 6 17 6 17 6 17 6 17 6 17 6 17 6 17 6 17 6 17 6 17 6 17 6 17 6 17 6 17 6 17 6 17 6 17 6 17 6 17 6 
17 6 17 6 17 6 17 6 17 6 17 6 17 6 17 6 17 6 17 6 17 6 17 6 17 6 17 6 17 6 17 6 17 6 17 6 17 6 17 6 17 6 17 6 17 6 17 6 17 6 17 6 17 6 17 6 17 6 17 6 17 6 17 6 17 6 
17 6 17 6 17 6 17 6 17 6 17 6 17 6 17 6 17 6 17 6 17 6 17 6 17 6 17 6 17 6 17 6 17 6 17 6 17 6 17 6 17 6 17 6 17 6 17 6 17 6 17 6 17 6 17 6 17 6 17 6 17 6 17 6 17 6 
17 6 17 6 17 6 17 6 17 6 17 6 17 6 17 6 17 6 17 6 17 6 17 6 17 6 17 6 17 6 17 6 17 6 17 6 17 6 17 6 17 6 17 6 17 6 17 6 17 6 17 6 17 6 17 6 17 6 17 6 17 6 17 6 17 6 
17 6 17 6 17 6 17 6 17 6 17 6 17 6 17 6 17 6 17 6 17 6 17 6 17 6 17 6 17 6 17 6 17 6 17 6 17 6 17 6 17 6 17 6 17 6 17 6 17 6 17 6 17 6 17 6 17 6 17 6 17 6 17 6 17 6 
17 6 17 6 17 6 17 6 17 6 17 6 17 6 17 6 17 6 17 6 17 6 17 6 17 6 17 6 17 6 17 6 17 6 17 6 17 6 17 6 17 6 17 6 17 6 17 6 17 6 17 6 17 6 17 6 17 6 17 6 17 6 17 6 17 6 
17 6 17 6 17 6 17 6 17 6 17 6 17 6 17 6 17 6 17 6 17 6 17 6 17 6 17 6 17 6 17 6 17 6 17 6 17 6 17 6 17 6 17 6 17 6 17 6 17 6 17 6 17 6 17 6 17 6 17 6 17 6 17 6 17 6 
17 6 17 6 17 6 17 6 17 6 17 6 17 6 17 6 17 6 17 6 17 6 17 6 17 6 17 6 17 6 17 6 17 6 17 6 17 6 17 6 17 6 17 6 17 6 17 6 17 6 17 6 17 6 17 6 17 6 17 6 17 6 17 6 17 6 
17 6 17 6 17 6 17 6 17 6 17 6 17 6 17 6 17 6 17 6 17 6 17 6 17 6 17 6 17 6 17 6 17 6 17 6 17 6 17 6 17 6 17 6 17 6 17 6 17 6 17 6 17 6 17 6 17 6 17 6 17 6 17 6 17 6 
17 6 17 6 17 6 17 6 17 6 17 6 17 6 17 6 17 6 17 6 17 6 17 6 17 6 17 6 17 6 17 6 17 6 17 6 17 6 17 6 17 6 17 6 17 6 17 6 17 6 17 6 17 6 17 6 17 6 17 6 17 6 17 6 17 6 
17 6 17 6 17 6 17 6 17 6 17 6 17 6 17 6 17 6 17 6 17 6 17 6 17 6 17 6 17 6 17 6 17 6 17 6 17 6 17 6 17 6 17 6 17 6 17 6 17 6 17 6 17 6 17 6 17 6 17 6 17 6 17 6 17 6 
17 6 17 6 17 6 17 6 17 6 17 6 17 6 17 6 17 6 17 6 17 6 17 6 17 6 17 6 17 6 17 6 17 6 17 6 17 6 17 6 17 6 17 6 17 6 17 6 17 6 17 6 17 6 17 6 17 6 17 6 17 6 17 6 17 6 
17 6 17 6 17 6 17 6 17 6 17 6 17 6 17 6 17 6 17 6 17 6 17 6 17 6 17 6 17 6 17 6 17 6 17 6 17 6 17 6 17 6 17 6 17 6 17 6 17 6 17 6 17 6 17 6 17 6 17 6 17 6 17 6 17 6 
17 6 17 6 17 6 17 6 17 6 17 6 17 6 17 6 17 6 17 6 17 6 17 6 17 6 17 6 17 6 17 6 17 6 17 6 17 6 17 6 17 6 17 6 17 6 17 6 17 6 17 6 17 6 17 6 17 6 17 6 17 6 17 6 17 6 
17 6 17 6 17 6 17 6 17 6 17 6 17 6 17 6 17 6 17 6 17 6 17 6 17 6 17 6 17 6 17 6 17 6 17 6 17 6 17 6 17 6 17 6 17 6 17 6 17 6 17 6 17 6 17 6 17 6 17 6 17 6 17 6 17 6 
17 6 17 6 17 6 17 6 17 6 17 6 17 6 17 6 17 6 17 6 17 6 17 6 17 6 17 6 17 6 17 6 17 6 17 6 17 6 17 6 17 6 17 6 17 6 17 6 17 6 17 6 17 6 17 6 17 6 17 6 17 6 17 6 17 6 
17 6 17 6 17 6 17 6 17 6 17 6 17 6 17 6 17 6 17 6 17 6 17 6 17 6 17 6 17 6 17 6 17 6 17 6 17 6 17 6 17 6 17 6 17 6 17 6 17 6 17 6 17 6 17 6 17 6 17 6 17 6 17 6 17 6 
17 6 17 6 17 6 17 6 17 6 17 6 17 6 17 6 17 6 17 6 17 6 17 6 17 6 17 6 17 6 17 6 17 6 17 6 17 6 17 6 17 6 17 6 17 6 17 6 17 6 17 6 17 6 17 6 17 6 17 6 17 6 17 6 17 6 
17 6 17 6 17 6 17 6 17 6 17 6 17 6 17 6 17 6 17 6 17 6 17 6 17 6 17 6 17 6 17 6 17 6 17 6 17 6 17 6 17 6 17 6 17 6 17 6 17 6 17 6 17 6 17 6 17 6 17 6 17 6 17 6 17 6 
17 6 17 6 17 6 17 6 17 6 17 6 17 6 17 6 17 6 17 6 17 6 17 6 17 6 17 6 17 6 17 6 17 6 17 6 17 6 17 6 17 6 17 6 17 6 17 6 17 6 17 6 17 6 17 6 17 6 17 6 17 6 17 6 17 6 
17 6 17 6 17 6 17 6 17 6 17 6 17 6 17 6 17 6 17 6 17 6 17 6 17 6 17 6 17 6 17 6 17 6 17 6 17 6 17 6 17 6 17 6 17 6 17 6 17 6 17 6 17 6 17 6 17 6 17 6 17 6 17 6 17 6 
17 6 17 6 17 6 17 6 17 6 17 6 17 6 17 6 17 6 17 6 17 6 17 6 17 6 17 6 17 6 17 6 17 6 17 6 17 6 17 6 17 6 17 6 17 6 17 6 17 6 17 6 17 6 17 6 17 6 17 6 17 6 17 6 17 6 
17 6 17 6 17 6 17 6 17 6 17 6 17 6 17 6 17 6 17 6 17 6 17 6 17 6 17 6 17 6 17 6 17 6 17 6 17 6 17 6 17 6 17 6 17 6 17 6 17 6 17 6 17 6 17 6 17 6 17 6 17 6 17 6 17 6 
17 6 17 6 17 6 17 6 17 6 17 6 17 6 17 6 17 6 17 6 17 6 17 6 17 6 17 6 17 6 17 6 17 6 17 6 17 6 17 6 17 6 17 6 17 6 17 6 17 6 17 6 17 6 17 6 17 6 17 6 17 6 17 6 17 6 
17 6 17 6 17 6 17 6 17 6 17 6 17 6 17 6 17 6 17 6 17 6 17 6 17 6 17 6 17 6 17 6 17 6 17 6 17 6 17 6 17 6 17 6 17 6 17 6 17 6 17 6 17 6 17 6 17 6 17 6 17 6 17 6 17 6 
17 6 17 6 17 6 17 6 17 6 17 6 17 6 17 6 17 6 17 6 17 6 17 6 17 6 17 6 17 6 17 6 17 6 17 6 17 6 17 6 17 6 17 6 17 6 17 6 17 6 17 6 17 6 17 6 17 6 17 6 17 6 17 6 17 6 
17 6 17 6 17 6 17 6 17 6 17 6 17 6 17 6 17 6 17 6 17 6 17 6 17 6 17 6 17 6 17 6 17 6 17 6 17 6 17 6 17 6 17 6 17 6 17 6 17 6 17 6 17 6 17 6 17 6 17 6 17 6 17 6 17 6 
17 6 17 6 17 6 17 6 17 6 17 6 17 6 17 6 17 6 17 6 17 6 17 6 17 6 17 6 17 6 17 6 17 6 17 6 17 6 17 6 17 6 17 6 17 6 17 6 17 6 17 6 17 6 17 6 17 6 17 6 17 6 17 6 17 6 
17 6 17 6 17 6 17 6 17 6 17 6 17 6 17 6 17 6 17 6 17 6 17 6 17 6 17 6 17 6 17 6 17 6 17 6 17 6 17 6 17 6 17 6 17 6 17 6 17 6 17 6 17 6 17 6 17 6 17 6 17 6 17 6 17 6 
17 6 17 6 17 6 17 6 17 6 17 6 17 6 17 6 17 6 17 6 17 6 17 6 17 6 17 6 17 6 17 6 17 6 17 6 17 6 17 6 17 6 17 6 17 6 17 6 17 6 17 6 17 6 17 6 17 6 17 6 17 6 17 6 17 6 
17 6 17 6 17 6 17 6 17 6 17 6 17 6 17 6 17 6 17 6 17 6 17 6 17 6 17 6 17 6 17 6 17 6 17 6 17 6 17 6 17 6 17 6 17 6 17 6 17 6 17 6 17 6 17 6 17 6 17 6 17 6 17 6 17 6 
17 6 17 6 17 6 17 6 17 6 17 6 17 6 17 6 17 6 17 6 17 6 17 6 17 6 17 6 17 6 17 6 17 6 17 6 17 6 17 6 17 6 17 6 17 6 17 6 17 6 17 6 17 6 17 6 17 6 17 6 17 6 17 6 17 6 
17 6 17 6 17 6 17 6 17 6 17 6 17 6 17 6 17 6 17 6 17 6 17 6 17 6 17 6 17 6 17 6 17 6 17 6 17 6 17 6 17 6 17 6 17 6 17 6 17 6 17 6 17 6 17 6 17 6 17 6 17 6 17 6 17 6 
17 6 17 6 17 6 17 6 17 6 17 6 17 6 17 6 17 6 17 6 17 6 17 6 17 6 17 6 17 6 17 6 17 6 17 6 17 6 17 6 17 6 17 6 17 6 17 6 17 6 17 6 17 6 17 6 17 6 17 6 17 6 17 6 17 6 
17 6 17 6 17 6 17 6 17 6 17 6 17 6 17 6 17 6 17 6 17 6 17 6 17 6 17 6 17 6 17 6 17 6 17 6 17 6 17 6 17 6 17 6 17 6 17 6 17 6 17 6 17 6 17 6 17 6 17 6 17 6 17 6 17 6 
17 6 17 6 17 6 17 6 17 6 17 6 17 6 17 6 17 6 17 6 17 6 17 6 17 6 17 6 17 6 17 6 17 6 17 6 17 6 17 6 17 6 17 6 17 6 17 6 17 6 17 6 17 6 17 6 17 6 17 6 17 6 17 6 17 6 
17 6 17 6 17 6 17 6 17 6 17 6 17 6 17 6 17 6 17 6 17 6 17 6 17 6 17 6 17 6 17 6 17 6 17 6 17 6 17 6 17 6 17 6 17 6 17 6 17 6 17 6 17 6 17 6 17 6 17 6 17 6 17 6 17 6 
17 6 17 6 17 6 17 6 17 6 17 6 17 6 17 6 17 6 17 6 17 6 17 6 17 6 17 6 17 6 17 6 17 6 17 6 17 6 17 6 17 6 17 6 17 6 17 6 17 6 17 6 17 6 17 6 17 6 17 6 17 6 17 6 17 6 
17 6 17 6 17 6 17 6 17 6 17 6 17 6 17 6 17 6 17 6 17 6 17 6 17 6 17 6 17 6 17 6 17 6 17 6 17 6 17 6 17 6 17 6 17 6 17 6 17 6 17 6 17 6 17 6 17 6 17 6 17 6 17 6 17 6 
17 6 17 6 17 6 17 6 17 6 17 6 17 6 17 6 17 6 17 6 17 6 17 6 17 6 17 6 17 6 17 6 17 6 17 6 17 6 17 6 17 6 17 6 17 6 17 6 17 6 17 6 17 6 17 6 17 6 17 6 17 6 17 6 17 6 
17 6 17 6 17 6 17 6 17 6 17 6 17 6 17 6 17 6 17 6 17 6 17 6 17 6 17 6 17 6 17 6 17 6 17 6 17 6 17 6 17 6 17 6 17 6 17 6 17 6 17 6 17 6 17 6 17 6 17 6 17 6 17 6 17 6 
17 6 17 6 17 6 17 6 17 6 17 6 17 6 17 6 17 6 17 6 17 6 17 6 17 6 17 6 17 6 17 6 17 6 17 6 17 6 17 6 17 6 17 6 17 6 17 6 17 6 17 6 17 6 17 6 17 6 17 6 17 6 17 6 17 6 
17 6 17 6 17 6 17 6 17 6 17 6 17 6 17 6 17 6 17 6 17 6 17 6 17 6 17 6 17 6 17 6 17 6 17 6 17 6 17 6 17 6 17 6 17 6 17 6 17 6 17 6 17 6 17 6 17 6 17 6 17 6 17 6 17 6 
17 6 17 6 17 6 17 6 17 6 17 6 17 6 17 6 17 6 17 6 17 6 17 6 17 6 17 6 17 6 17 6 17 6 17 6 17 6 17 6 17 6 17 6 17 6 17 6 17 6 17 6 17 6 17 6 17 6 17 6 17 6 17 6 17 6 
17 6 17 6 17 6 17 6 17 6 17 6 17 6 17 6 17 6 17 6 17 6 17 6 17 6 17 6 17 6 17 6 17 6 17 6 17 6 17 6 17 6 17 6 17 6 17 6 17 6 17 6 17 6 17 6 17 6 17 6 17 6 17 6 17 6 
17 6 17 6 17 6 17 6 17 6 17 6 17 6 17 6 17 6 17 6 17 6 17 6 17 6 17 6 17 6 17 6 17 6 17 6 17 6 17 6 17 6 17 6 17 6 17 6 17 6 17 6 17 6 17 6 17 6 17 6 17 6 17 6 17 6 
17 6 17 6 17 6 17 6 17 6 17 6 17 6 17 6 17 6 17 6 17 6 17 6 17 6 17 6 17 6 17 6 17 6 17 6 17 6 17 6 17 6 17 6 17 6 17 6 17 6 17 6 17 6 17 6 17 6 17 6 17 6 17 6 17 6 
17 6 17 6 17 6 17 6 17 6 17 6 17 6 17 6 17 6 17 6 17 6 17 6 17 6 17 6 17 6 17 6 17 6 17 6 17 6 17 6 17 6 17 6 17 6 17 6 17 6 17 6 17 6 17 6 17 6 17 6 17 6 17 6 17 6 
17 6 17 6 17 6 17 6 17 6 17 6 17 6 17 6 17 6 17 6 17 6 17 6 17 6 17 6 17 6 17 6 17 6 17 6 17 6 17 6 17 6 17 6 17 6 17 6 17 6 17 6 17 6 17 6 17 6 17 6 17 6 17 6 17 6 
17 6 17 6 17 6 17 6 17 6 17 6 17 6 17 6 17 6 17 6 17 6 17 6 17 6 17 6 17 6 17 6 17 6 17 6 17 6 17 6 17 6 17 6 17 6 17 6 17 6 17 6 17 6 17 6 17 6 17 6 17 6 17 6 17 6 
17 6 17 6 17 6 17 6 17 6 17 6 17 6 17 6 17 6 17 6 17 6 17 6 17 6 17 6 17 6 17 6 17 6 17 6 17 6 17 6 17 6 17 6 17 6 17 6 17 6 17 6 17 6 17 6 17 6 17 6 17 6 17 6 17 6 
17 6 17 6 17 6 17 6 17 6 17 6 17 6 17 6 17 6 17 6 17 6 17 6 17 6 17 6 17 6 17 6 17 6 17 6 17 6 17 6 17 6 17 6 17 6 17 6 17 6 17 6 17 6 17 6 17 6 17 6 17 6 17 6 17 6 
17 6 17 6 17 6 17 6 17 6 17 6 17 6 17 6 17 6 17 6 17 6 17 6 17 6 17 6 17 6 17 6 17 6 17 6 17 6 17 6 17 6 17 6 17 6 17 6 17 6 17 6 17 6 17 6 17 6 17 6 17 6 17 6 17 6 
17 6 17 6 17 6 17 6 17 6 17 6 17 6 17 6 17 6 17 6 17 6 17 6 17 6 17 6 17 6 17 6 17 6 17 6 17 6 17 6 17 6 17 6 17 6 17 6 17 6 17 6 17 6 17 6 17 6 17 6 17 6 17 6 17 6 
17 6 17 6 17 6 17 6 17 6 17 6 17 6 17 6 17 6 17 6 17 6 17 6 17 6 17 6 17 6 17 6 17 6 17 6 17 6 17 6 17 6 17 6 17 6 17 6 17 6 17 6 17 6 17 6 17 6 17 6 17 6 17 6 17 6 
17 6 17 6 17 6 17 6 17 6 17 6 17 6 17 6 17 6 17 6 17 6 17 6 17 6 17 6 17 6 17 6 17 6 17 6 17 6 17 6 17 6 17 6 17 6 17 6 17 6 17 6 17 6 17 6 17 6 17 6 17 6 17 6 17 6 
17 6 17 6 17 6 17 6 17 6 17 6 17 6 17 6 17 6 17 6 17 6 17 6 17 6 17 6 17 6 17 6 17 6 17 6 17 6 17 6 17 6 17 6 17 6 17 6 17 6 17 6 17 6 17 6 17 6 17 6 17 6 17 6 17 6 
17 6 17 6 17 6 17 6 17 6 17 6 17 6 17 6 17 6 17 6 17 6 17 6 17 6 17 6 17 6 17 6 17 6 17 6 17 6 17 6 17 6 17 6 17 6 17 6 17 6 17 6 17 6 17 6 17 6 17 6 17 6 17 6 17 6 
17 6 17 6 17 6 17 6 17 6 17 6 17 6 17 6 17 6 17 6 17 6 17 6 17 6 17 6 17 6 17 6 17 6 17 6 17 6 17 6 17 6 17 6 17 6 17 6 17 6 17 6 17 6 17 6 17 6 17 6 17 6 17 6 17 6 
17 6 17 6 17 6 17 6 17 6 17 6 17 6 17 6 17 6 17 6 17 6 17 6 17 6 17 6 17 6 17 6 17 6 17 6 17 6 17 6 17 6 17 6 17 6 17 6 17 6 17 6 17 6 17 6 17 6 17 6 17 6 17 6 17 6 
17 6 17 6 17 6 17 6 17 6 17 6 17 6 17 6 17 6 17 6 17 6 17 6 17 6 17 6 17 6 17 6 17 6 17 6 17 6 17 6 17 6 17 6 17 6 17 6 17 6 17 6 17 6 17 6 17 6 17 6 17 6 17 6 17 6 
17 18 
17 18 
29 18 
29 18 
28 17 28 
28 17 28 
29 17 29 
29 17 29 
17 28 18 
17 28 18 
18 13 29 13 21 13 29 13 29 13 29 13 29 13 31 29 13 28 13 18 
18 13 29 13 21 13 29 13 29 13 29 13 29 13 31 29 13 28 13 18 
18 13 29 13 21 13 29 13 29 13 29 13 29 13 31 29 13 28 13 18 
18 13 29 13 21 13 29 13 29 13 29 13 29 13 31 29 13 28 13 18 
18 13 29 13 21 13 29 13 29 13 29 13 29 13 31 29 13 28 13 18 
18 13 29 13 21 13 29 13 29 13 29 13 29 13 31 29 13 28 13 18 
18 13 29 13 21 13 29 13 29 13 29 13 29 13 31 29 13 28 13 18 
18 13 29 13 21 13 29 13 29 13 29 13 29 13 31 29 13 28 13 18 
18 13 29 13 21 13 29 13 29 13 29 13 29 13 31 29 13 28 13 18 
18 13 29 13 21 13 29 13 29 13 29 13 29 13 31 29 13 28 13 18 
18 13 29 13 21 13 29 13 29 13 29 13 29 13 31 29 13 28 13 18 
18 13 29 13 21 13 29 13 29 13 29 13 29 13 31 29 13 28 13 18 
18 13 29 13 21 13 29 13 29 13 29 13 29 13 31 29 13 28 13 18 
18 13 29 13 21 13 29 13 29 13 29 13 29 13 31 29 13 28 13 18 
18 13 29 13 21 13 29 13 29 13 29 13 29 13 31 29 13 28 13 18 
18 13 29 13 21 13 29 13 29 13 29 13 29 13 31 29 13 28 13 18 
18 13 29 13 21 13 29 13 29 13 29 13 29 13 31 29 13 28 13 18 
18 13 29 13 21 13 29 13 29 13 29 13 29 13 31 29 13 28 13 18 
17 28 
17 28 
28 17 28 
28 17 28 
29 17 29 
29 17 29 
29 17 29 
29 17 29 
17 18 
17 18 
29 17 29 28 
29 17 29 28 
13 17 13 
13 17 13 
13 17 13 
13 17 13 
0 17 0 17 0 17 0 18 
0 17 0 17 0 17 0 18 
28 17 28 17 28 17 28 
28 17 28 17 28 17 28 
13 17 13 17 13 
13 17 13 17 13 
28 17 28 17 28 17 28 
28 17 28 17 28 17 28 
28 17 28 29 17 29 
28 17 28 29 17 29 
29 17 29 
29 17 29 
13 17 13 
13 17 13 
17 18 
17 18 
30 17 30 
30 17 30 
17 13 
17 13 
29 18 
29 18 
29 18 
29 18 
29 18 
29 18 
17 30 
17 30 
30 18 
30 18 
30 18 
30 18 
17 18 
17 18 
17 18 
17 18 
17 18 
17 18 
29 31 
29 31 
28 17 28 
28 17 28 
29 17 29 
29 17 29 
13 29 
13 29 
29 17 29 
29 17 29 
13 17 13 18 
13 17 13 18 
30 18 
30 18 
28 18 
28 18 
18 17 18 
18 17 18 
18 17 18 
18 17 18 
13 18 
13 18 
28 17 28 
28 17 28 
16 18 
16 18 
30 18 
30 18 
16 18 
16 18 
30 16 
30 16 
17 18 
17 18 
17 18 
17 18 
17 18 
17 18 
29 17 29 
29 17 29 
29 17 29 
29 17 29 
29 17 29 
29 17 29 
29 28 
29 28 
17 18 
17 18 
13 17 13 
13 17 13 
13 17 13 
13 17 13 
17 30 
17 30 
13 18 
13 18 
30 17 30 
30 17 30 
28 17 28 
28 17 28 
17 13 17 13 
17 13 17 13 
30 18 
30 18 
30 18 
30 18 
30 17 30 
30 17 30 
27 18 
27 18 
13 17 13 
13 17 13 
29 17 29 17 29 17 29 17 29 17 29 
29 17 29 17 29 17 29 17 29 17 29 
3 13 
3 13 
29 17 29 
29 17 29 
17 6 
17 6 
29 17 29 
29 17 29 
29 17 29 17 29 17 29 17 29 17 29 17 29 17 29 30 13 17 13 
29 17 29 17 29 17 29 17 29 17 29 17 29 17 29 30 13 17 13 
28 17 28 17 28 17 28 
28 17 28 17 28 17 28 
29 17 29 17 29 17 29 
29 17 29 17 29 17 29 
29 17 29 
29 17 29 
17 18 
17 18 
13 17 13 17 13 17 13 
13 17 13 17 13 17 13 
29 17 29 
29 17 29 
13 17 13 17 13 
13 17 13 17 13 
29 17 29 
29 17 29 
13 17 13 17 13 17 13 
13 17 13 17 13 17 13 
29 17 29 
29 17 29 
29 17 29 
29 17 29 
29 17 29 
29 17 29 
29 17 29 
29 17 29 
28 17 28 
28 17 28 
28 17 28 
28 17 28 
28 17 28 
28 17 28 
28 17 28 
28 17 28 
28 17 28 
28 17 28 
28 17 28 
28 17 28 
28 17 28 
28 17 28 
17 18 
17 18 
30 29 17 29 13 
30 29 17 29 13 
29 17 29 
29 17 29 
28 17 28 
28 17 28 
28 17 28 
28 17 28 
28 17 28 
28 17 28 
28 17 28 
28 17 28 
28 17 28 
28 17 28 
28 17 28 
28 17 28 
13 17 13 17 13 
13 17 13 17 13 
13 17 13 17 13 17 13 
13 17 13 17 13 17 13 
13 18 
13 18 
13 17 13 
13 17 13 
13 17 13 17 13 17 13 
13 17 13 17 13 17 13 
18 17 18 
18 17 18 
13 17 13 
13 17 13 
30 18 
30 18 
17 18 
17 18 
28 17 28 
28 17 28 
13 17 13 17 13 29 17 29 13 17 13 
13 17 13 17 13 29 17 29 13 17 13 
13 18 
13 18 
13 18 
13 18 
13 17 13 17 13 
13 17 13 17 13 
17 29 17 29 
17 29 17 29 
17 18 
17 18 
30 18 
30 18 
17 18 
17 18 
17 18 
17 18 
28 13 2 
28 13 2 
29 17 29 17 29 17 29 
29 17 29 17 29 17 29 
29 17 29 
29 17 29 
29 17 29 
29 17 29 
17 29 17 29 17 29 
17 29 17 29 17 29 
29 17 29 
29 17 29 
17 18 
17 18 
29 17 29 
29 17 29 
29 17 29 
29 17 29 
17 18 
17 18 
29 17 29 
29 17 29 
17 29 18 
17 29 18 
13 17 13 
13 17 13 
17 29 17 29 17 29 17 13 17 13 
17 29 17 29 17 29 17 13 17 13 
17 29 17 29 17 29 17 13 17 13 
17 29 17 29 17 29 17 13 17 13 
28 17 28 
28 17 28 
13 17 13 17 29 
13 17 13 17 29 
13 17 13 
13 17 13 
13 17 29 13 
13 17 29 13 
28 29 28 29 28 29 28 29 
28 29 28 29 28 29 28 29 
17 18 
17 18 
29 17 29 18 
29 17 29 18 
13 17 13 30 
13 17 13 30 
17 18 
17 18 
13 28 13 18 
13 28 13 18 
13 17 13 
13 17 13 
17 13 
17 13 
17 13 
17 13 
13 17 13 
13 17 13 
13 17 13 
13 17 13 
28 29 
28 29 
28 29 
28 29 
28 29 
28 29 
28 29 
28 29 
13 17 13 
13 17 13 
13 17 13 
13 17 13 
13 17 13 
13 17 13 
0 17 0 
0 17 0 
29 17 29 
29 17 29 
0 17 0 
0 17 0 
13 17 13 17 13 17 13 
13 17 13 17 13 17 13 
28 17 28 17 28 
28 17 28 17 28 
13 18 
13 18 
13 17 13 
13 17 13 
29 17 29 
29 17 29 
17 18 
17 18 
13 17 13 
13 17 13 
13 18 
13 18 
13 17 13 17 13 
13 17 13 17 13 
31 18 
31 18 
13 17 13 
13 17 13 
30 17 30 
30 17 30 
29 17 29 18 
29 17 29 18 
13 17 13 
13 17 13 
28 17 28 17 28 17 28 17 28 17 28 
28 17 28 17 28 17 28 17 28 17 28 
13 18 
13 18 
13 18 
13 18 
13 17 29 13 
13 17 29 13 
13 17 29 13 
13 17 29 13 
24 18 
24 18 
17 18 
17 18 
29 30 
29 30 
30 18 
30 18 
17 18 
17 18 
13 17 13 
13 17 13 
28 17 28 
28 17 28 
13 18 
13 18 
13 17 13 
13 17 13 
13 17 13 17 13 
13 17 13 17 13 
13 17 13 17 13 
13 17 13 17 13 
13 17 13 
13 17 13 
6 29 13 6 13 28 6 
6 29 13 6 13 28 6 
29 28 
29 28 
17 18 
17 18 
26 13 
26 13 
26 13 
26 13 
26 13 
26 13 
26 13 
26 13 
28 17 28 
28 17 28 
13 18 
13 18 
17 18 
17 18 
13 17 13 
13 17 13 
13 17 13 
13 17 13 
13 17 13 
13 17 13 
28 17 28 
28 17 28 
3 18 
3 18 
29 17 29 
29 17 29 
17 2 
17 2 
13 17 13 
13 17 13 
28 29 
28 29 
18 29 
18 29 
13 17 13 17 13 17 13 
13 17 13 17 13 17 13 
13 17 13 
13 17 13 
13 17 13 17 13 
13 17 13 17 13 
13 17 13 
13 17 13 
13 17 13 17 13 
13 17 13 17 13 
29 17 29 
29 17 29 
18 29 
18 29 
17 30 
17 30 
29 17 29 
29 17 29 
29 17 29 
29 17 29 
13 17 13 17 13 17 13 17 13 
13 17 13 17 13 17 13 17 13 
29 18 
29 18 
29 18 
29 18 
28 17 28 
28 17 28 
27 18 
27 18 
13 17 13 17 13 17 13 17 13 
13 17 13 17 13 17 13 17 13 
13 17 13 17 13 17 13 
13 17 13 17 13 17 13 
28 17 28 17 28 17 28 
28 17 28 17 28 17 28 
17 18 
17 18 
17 18 17 18 
17 18 17 18 
17 18 17 18 
17 18 17 18 
30 17 30 
30 17 30 
28 17 28 
28 17 28 
0 17 0 
0 17 0 
29 18 
29 18 
13 17 13 17 13 
13 17 13 17 13 
13 17 13 17 13 17 13 17 13 17 13 
13 17 13 17 13 17 13 17 13 17 13 
24 18 
24 18 
13 17 13 
13 17 13 
13 17 13 17 13 
13 17 13 17 13 
28 18 
28 18 
13 17 13 17 13 
13 17 13 17 13 
28 18 
28 18 
29 17 29 
29 17 29 
29 17 29 
29 17 29 
29 17 29 17 29 17 29 
29 17 29 17 29 17 29 
13 17 13 
13 17 13 
17 28 
17 28 
29 17 29 
29 17 29 
29 17 29 
29 17 29 
29 17 29 
29 17 29 
29 17 29 
29 17 29 
28 17 30 
28 17 30 
29 17 29 18 
29 17 29 18 
29 17 29 18 
29 17 29 18 
17 30 
17 30 
30 17 30 
30 17 30 
17 18 
17 18 
17 18 
17 18 
17 18 
17 18 
29 17 29 
29 17 29 
30 18 
30 18 
13 18 
13 18 
17 28 
17 28 
13 17 13 17 13 17 13 
13 17 13 17 13 17 13 
29 17 29 17 29 17 29 
29 17 29 17 29 17 29 
3 17 3 18 
3 17 3 18 
29 13 2 29 
29 13 2 29 
0 17 0 18 
0 17 0 18 
0 17 0 18 
0 17 0 18 
0 17 0 18 
0 17 0 18 
30 17 30 
30 17 30 
29 17 29 
29 17 29 
29 17 29 
29 17 29 
24 18 
24 18 
29 17 29 17 29 17 29 
29 17 29 17 29 17 29 
13 17 13 17 13 17 13 17 13 17 13 17 13 
13 17 13 17 13 17 13 17 13 17 13 17 13 
29 18 
29 18 
30 18 
30 18 
29 13 
29 13 
17 18 
17 18 
13 29 
13 29 
13 29 13 
13 29 13 
13 29 13 29 
13 29 13 29 
13 29 13 29 
13 29 13 29 
29 17 29 
29 17 29 
0 18 
0 18 
0 18 
0 18 
30 18 
30 18 
17 30 
17 30 
17 29 
17 29 
29 17 29 
29 17 29 
13 17 13 
13 17 13 
30 18 
30 18 
30 18 
30 18 
13 28 13 
13 28 13 
30 13 
30 13 
3 17 
3 17 
13 18 
13 18 
30 17 18 
30 17 18 
18 17 18 
18 17 18 
17 18 
17 18 
13 17 13 17 13 17 13 
13 17 13 17 13 17 13 
28 17 28 17 28 17 28 
28 17 28 17 28 17 28 
17 28 17 28 
17 28 17 28 
17 28 17 28 
17 28 17 28 
18 17 18 17 29 
18 17 18 17 29 
13 17 13 17 13 17 13 
13 17 13 17 13 17 13 
29 17 29 
29 17 29 
13 17 13 17 13 
13 17 13 17 13 
29 17 29 17 29 17 29 
29 17 29 17 29 17 29 
28 17 28 17 28 17 28 17 28 17 28 
28 17 28 17 28 17 28 17 28 17 28 
29 18 17 18 29 17 18 29 
29 18 17 18 29 17 18 29 
17 18 29 
17 18 29 
13 17 13 17 13 
13 17 13 17 13 
29 17 29 
29 17 29 
17 18 
17 18 
13 17 13 17 13 
13 17 13 17 13 
13 17 13 
13 17 13 
17 18 
17 18 
17 18 
17 18 
13 17 13 
13 17 13 
17 30 
17 30 
9 18 
9 18 
13 17 13 
13 17 13 
13 17 13 
13 17 13 
17 30 
17 30 
13 17 13 
13 17 13 
32 18 
32 18 
13 17 13 
13 17 13 
13 17 13 17 13 17 13 17 13 17 13 
13 17 13 17 13 17 13 17 13 17 13 
13 29 13 2 13 2 13 
13 29 13 2 13 2 13 
30 18 
30 18 
17 18 3 18 
17 18 3 18 
13 18 
13 18 
13 17 13 
13 17 13 
13 18 
13 18 
28 17 28 
28 17 28 
17 18 
17 18 
17 18 
17 18 
6 17 6 
6 17 6 
29 17 29 17 29 17 29 
29 17 29 17 29 17 29 
29 17 29 
29 17 29 
29 17 29 17 29 17 29 
29 17 29 17 29 17 29 
28 17 28 17 28 17 28 
28 17 28 17 28 17 28 
13 17 13 17 13 17 13 17 13 17 13 
13 17 13 17 13 17 13 17 13 17 13 
13 18 
13 18 
30 18 
30 18 
17 18 
17 18 
13 17 13 17 13 17 13 17 13 17 13 17 13 17 13 
13 17 13 17 13 17 13 17 13 17 13 17 13 17 13 
29 17 29 
29 17 29 
29 17 29 17 29 17 29 17 29 17 29 
29 17 29 17 29 17 29 17 29 17 29 
30 17 30 
30 17 30 
13 17 13 
13 17 13 
29 17 29 13 
29 17 29 13 
13 17 13 17 13 17 13 
13 17 13 17 13 17 13 
17 29 18 
17 29 18 
29 17 29 
29 17 29 
17 2 
17 2 
17 2 
17 2 
29 17 29 17 29 17 29 
29 17 29 17 29 17 29 
17 2 
17 2 
17 2 
17 2 
17 2 
17 2 
17 2 
17 2 
17 18 
17 18 
17 18 
17 18 
17 29 17 29 
17 29 17 29 
29 17 29 
29 17 29 
31 18 
31 18 
30 18 
30 18 
13 29 13 29 13 
13 29 13 29 13 
29 28 
29 28 
29 28 
29 28 
28 17 28 17 28 17 28 
28 17 28 17 28 17 28 
28 17 28 
28 17 28 
13 17 13 
13 17 13 
13 28 
13 28 
13 28 
13 28 
17 30 
17 30 
30 21 
30 21 
30 21 
30 21 
28 17 28 18 
28 17 28 18 
17 30 
17 30 
29 18 
29 18 
29 18 
29 18 
29 18 
29 18 
17 27 18 
17 27 18 
13 17 13 30 17 30 16 17 16 
13 17 13 30 17 30 16 17 16 
16 18 
16 18 
13 17 13 
13 17 13 
17 27 18 
17 27 18 
0 17 0 17 0 17 0 
0 17 0 17 0 17 0 
13 17 13 
13 17 13 
28 17 28 17 28 17 28 17 28 17 28 
28 17 28 17 28 17 28 17 28 17 28 
13 17 13 
13 17 13 
13 17 13 
13 17 13 
28 17 28 17 28 17 28 17 28 17 28 
28 17 28 17 28 17 28 17 28 17 28 
13 17 13 
13 17 13 
13 17 13 17 13 
13 17 13 17 13 
13 17 13 
13 17 13 
28 17 28 17 28 17 28 17 28 17 28 
28 17 28 17 28 17 28 17 28 17 28 
28 17 28 17 28 17 28 17 28 17 28 
28 17 28 17 28 17 28 17 28 17 28 
28 17 28 17 28 17 28 17 28 17 28 
28 17 28 17 28 17 28 17 28 17 28 
28 17 28 17 28 17 28 17 28 17 28 
28 17 28 17 28 17 28 17 28 17 28 
28 17 28 17 28 17 28 
28 17 28 17 28 17 28 
28 17 28 17 28 17 28 17 28 17 28 
28 17 28 17 28 17 28 17 28 17 28 
28 17 28 17 28 17 28 17 28 17 28 
28 17 28 17 28 17 28 17 28 17 28 
18 16 
18 16 
28 17 28 17 28 17 28 17 28 17 28 
28 17 28 17 28 17 28 17 28 17 28 
28 17 28 
28 17 28 
28 17 28 
28 17 28 
29 17 29 
29 17 29 
17 29 
17 29 
3 29 
3 29 
29 17 29 
29 17 29 
3 29 
3 29 
17 18 17 18 
17 18 17 18 
17 18 17 18 
17 18 17 18 
13 17 13 
13 17 13 
13 17 13 
13 17 13 
30 18 
30 18 
18 13 17 13 18 
18 13 17 13 18 
0 17 0 
0 17 0 
31 18 
31 18 
28 17 28 17 28 17 28 
28 17 28 17 28 17 28 
13 17 13 
13 17 13 
29 17 29 
29 17 29 
29 17 29 
29 17 29 
29 17 29 
29 17 29 
29 17 29 
29 17 29 
17 30 
17 30 
17 18 
17 18 
17 18 
17 18 
17 18 
17 18 
17 18 
17 18 
17 18 
17 18 
17 18 17 18 
17 18 17 18 
17 18 17 18 
17 18 17 18 
17 18 17 18 
17 18 17 18 
17 18 17 18 
17 18 17 18 
17 18 17 18 
17 18 17 18 
13 17 13 
13 17 13 
13 17 13 
13 17 13 
28 17 28 
28 17 28 
28 17 28 
28 17 28 
29 17 29 
29 17 29 
13 28 13 28 18 
13 28 13 28 18 
13 28 13 28 18 
13 28 13 28 18 
13 17 13 18 
13 17 13 18 
13 17 13 18 
13 17 13 18 
28 17 28 
28 17 28 
28 13 
28 13 
28 13 
28 13 
29 17 29 
29 17 29 
17 18 
17 18 
30 18 
30 18 
18 17 18 
18 17 18 
18 17 18 
18 17 18 
28 13 
28 13 
28 13 
28 13 
18 17 18 
18 17 18 
18 17 18 
18 17 18 
28 17 28 
28 17 28 
30 17 30 
30 17 30 
28 17 28 
28 17 28 
13 17 13 29 17 29 
13 17 13 29 17 29 
17 24 18 
17 24 18 
17 24 18 
17 24 18 
17 18 
17 18 
28 17 28 
28 17 28 
28 17 28 
28 17 28 
13 17 13 17 13 17 13 18 
13 17 13 17 13 17 13 18 
13 17 13 17 13 17 13 18 
13 17 13 17 13 17 13 18 
29 18 
29 18 
17 18 
17 18 
28 17 28 13 17 13 
28 17 28 13 17 13 
13 18 
13 18 
29 13 
29 13 
17 18 
17 18 
13 16 
13 16 
29 17 29 
29 17 29 
13 18 
13 18 
13 17 13 
13 17 13 
16 30 
16 30 
30 17 30 
30 17 30 
17 18 
17 18 
17 18 
17 18 
17 18 
17 18 
17 18 
17 18 
28 17 28 
28 17 28 
13 17 13 18 
13 17 13 18 
29 17 29 
29 17 29 
28 17 28 13 28 17 28 
28 17 28 13 28 17 28 
13 17 13 17 13 18 
13 17 13 17 13 18 
17 16 
17 16 
13 17 13 29 17 29 
13 17 13 29 17 29 
13 17 13 29 17 29 
13 17 13 29 17 29 
17 29 13 29 
17 29 13 29 
29 17 29 
29 17 29 
13 17 13 17 29 13 17 29 
13 17 13 17 29 13 17 29 
13 17 29 17 29 
13 17 29 17 29 
17 29 
17 29 
17 29 
17 29 
17 29 
17 29 
17 29 
17 29 
17 29 
17 29 
13 18 
13 18 
13 17 13 17 13 
13 17 13 17 13 
13 29 18 
13 29 18 
0 17 0 
0 17 0 
29 17 29 17 29 17 29 17 29 17 29 
29 17 29 17 29 17 29 17 29 17 29 
29 17 29 
29 17 29 
13 17 13 
13 17 13 
18 28 17 28 
18 28 17 28 
13 17 13 17 13 17 13 17 13 
13 17 13 17 13 17 13 17 13 
17 30 
17 30 
13 17 13 17 13 17 13 17 13 
13 17 13 17 13 17 13 17 13 
30 17 30 
30 17 30 
13 17 13 17 13 17 13 17 13 
13 17 13 17 13 17 13 17 13 
13 17 13 
13 17 13 
13 17 13 17 13 17 13 17 13 
13 17 13 17 13 17 13 17 13 
0 17 0 
0 17 0 
29 17 29 
29 17 29 
29 17 29 17 29 
29 17 29 17 29 
29 13 18 
29 13 18 
28 17 28 
28 17 28 
29 17 29 17 29 17 29 
29 17 29 17 29 17 29 
29 17 29 17 29 17 29 
29 17 29 17 29 17 29 
29 17 29 17 29 17 29 17 29 17 29 
29 17 29 17 29 17 29 17 29 17 29 
30 17 30 
30 17 30 
13 17 13 
13 17 13 
29 18 
29 18 
20 17 18 
20 17 18 
13 18 
13 18 
13 17 13 17 13 17 13 
13 17 13 17 13 17 13 
30 17 30 
30 17 30 
30 17 30 
30 17 30 
29 17 29 18 
29 17 29 18 
0 18 
0 18 
13 17 13 
13 17 13 
13 17 13 
13 17 13 
13 17 13 
13 17 13 
13 18 
13 18 
13 17 13 17 13 17 13 
13 17 13 17 13 17 13 
30 18 
30 18 
30 18 
30 18 
0 18 
0 18 
0 18 
0 18 
17 13 17 13 17 13 
17 13 17 13 17 13 
29 13 17 13 
29 13 17 13 
30 17 30 
30 17 30 
13 17 29 
13 17 29 
13 17 29 
13 17 29 
17 18 
17 18 
28 17 28 
28 17 28 
3 18 
3 18 
0 17 0 
0 17 0 
30 17 30 
30 17 30 
13 28 18 
13 28 18 
13 17 13 17 13 18 
13 17 13 17 13 18 
13 18 
13 18 
13 17 13 17 13 
13 17 13 17 13 
13 17 13 17 13 
13 17 13 17 13 
29 18 
29 18 
29 18 
29 18 
29 18 
29 18 
29 17 29 
29 17 29 
29 17 29 17 29 17 29 17 29 17 29 
29 17 29 17 29 17 29 17 29 17 29 
13 17 13 17 13 
13 17 13 17 13 
30 17 30 
30 17 30 
13 17 13 17 13 17 13 
13 17 13 17 13 17 13 
30 18 
30 18 
27 18 
27 18 
17 29 18 
17 29 18 
29 30 
29 30 
0 18 
0 18 
0 18 
0 18 
30 18 
30 18 
0 17 0 
0 17 0 
0 17 0 
0 17 0 
17 18 
17 18 
17 18 
17 18 
17 29 31 18 
17 29 31 18 
13 17 13 
13 17 13 
29 18 
29 18 
28 17 28 
28 17 28 
13 18 
13 18 
18 17 18 
18 17 18 
17 18 
17 18 
29 17 29 
29 17 29 
13 17 13 
13 17 13 
17 18 
17 18 
29 17 29 
29 17 29 
29 17 29 
29 17 29 
29 17 29 
29 17 29 
29 17 29 
29 17 29 
29 17 29 
29 17 29 
28 17 28 17 28 17 28 
28 17 28 17 28 17 28 
29 18 
29 18 
29 18 
29 18 
29 18 
29 18 
17 18 
17 18 
13 18 
13 18 
6 18 
6 18 
13 28 
13 28 
29 18 
29 18 
29 17 29 17 29 17 29 
29 17 29 17 29 17 29 
29 18 
29 18 
29 18 
29 18 
17 18 
17 18 
13 17 13 17 13 18 
13 17 13 17 13 18 
13 17 13 17 13 18 
13 17 13 17 13 18 
13 17 13 
13 17 13 
13 17 13 
13 17 13 
13 28 
13 28 
17 18 
17 18 
13 17 13 
13 17 13 
13 17 13 
13 17 13 
13 17 13 
13 17 13 
13 17 13 17 13 
13 17 13 17 13 
13 17 13 
13 17 13 
17 18 
17 18 
13 17 13 
13 17 13 
29 17 29 17 29 17 29 17 29 17 29 
29 17 29 17 29 17 29 17 29 17 29 
13 28 
13 28 
30 18 
30 18 
13 17 13 
13 17 13 
17 13 
17 13 
27 18 12 18 
27 18 12 18 
17 30 18 
17 30 18 
13 30 13 
13 30 13 
13 28 
13 28 
0 18 
0 18 
0 18 
0 18 
0 18 
0 18 
0 18 
0 18 
29 17 29 
29 17 29 
0 18 
0 18 
18 16 
18 16 
0 18 
0 18 
0 18 
0 18 
29 17 29 
29 17 29 
13 30 18 
13 30 18 
30 18 
30 18 
30 18 
30 18 
29 17 29 
29 17 29 
16 18 
16 18 
29 17 29 
29 17 29 
28 17 28 
28 17 28 
28 17 28 
28 17 28 
17 18 
17 18 
0 17 0 
0 17 0 
28 17 28 
28 17 28 
28 17 28 
28 17 28 
28 17 28 
28 17 28 
13 28 6 13 29 13 6 29 6 
13 28 6 13 29 13 6 29 6 
17 0 18 
17 0 18 
30 17 30 
30 17 30 
30 17 30 
30 17 30 
30 17 30 
30 17 30 
28 17 28 
28 17 28 
13 29 
13 29 
13 17 13 17 13 18 
13 17 13 17 13 18 
17 18 
17 18 
13 17 13 
13 17 13 
17 18 
17 18 
17 18 
17 18 
30 17 30 
30 17 30 
13 18 
13 18 
13 18 
13 18 
28 17 28 
28 17 28 
13 18 
13 18 
13 17 13 17 13 17 13 
13 17 13 17 13 17 13 
13 17 13 17 13 17 13 
13 17 13 17 13 17 13 
13 17 13 17 13 17 13 
13 17 13 17 13 17 13 
28 18 
28 18 
28 18 
28 18 
30 17 30 18 
30 17 30 18 
29 17 29 
29 17 29 
29 17 29 
29 17 29 
29 17 29 
29 17 29 
13 17 13 17 13 17 13 18 
13 17 13 17 13 17 13 18 
29 17 29 
29 17 29 
29 18 
29 18 
18 30 18 
18 30 18 
30 17 
30 17 
18 17 18 
18 17 18 
17 18 
17 18 
28 13 29 28 29 
28 13 29 28 29 
29 17 29 
29 17 29 
13 17 13 17 13 17 13 17 13 17 13 17 13 
13 17 13 17 13 17 13 17 13 17 13 17 13 
6 18 
6 18 
29 17 29 18 
29 17 29 18 
6 18 
6 18 
13 18 
13 18 
13 17 13 
13 17 13 
18 30 18 
18 30 18 
13 17 13 
13 17 13 
29 17 29 
29 17 29 
29 17 29 
29 17 29 
17 30 
17 30 
29 17 29 
29 17 29 
29 17 29 
29 17 29 
29 17 29 
29 17 29 
30 18 
30 18 
0 17 0 18 
0 17 0 18 
29 17 29 
29 17 29 
13 17 13 17 13 
13 17 13 17 13 
17 13 
17 13 
17 13 18 
17 13 18 
13 17 13 
13 17 13 
18 30 
18 30 
13 17 13 
13 17 13 
29 17 29 17 29 
29 17 29 17 29 
28 29 
28 29 
30 29 
30 29 
6 17 6 
6 17 6 
6 17 6 
6 17 6 
6 17 6 
6 17 6 
30 18 
30 18 
29 17 29 
29 17 29 
29 17 29 
29 17 29 
13 17 13 
13 17 13 
28 17 28 
28 17 28 
28 17 28 
28 17 28 
13 17 13 17 13 
13 17 13 17 13 
0 17 0 17 0 
0 17 0 17 0 
29 17 29 
29 17 29 
6 17 6 
6 17 6 
17 28 
17 28 
29 17 29 
29 17 29 
13 17 13 
13 17 13 
28 29 
28 29 
29 17 29 
29 17 29 
29 17 29 
29 17 29 
13 17 13 17 13 
13 17 13 17 13 
13 18 
13 18 
17 30 
17 30 
17 13 
17 13 
13 17 13 17 13 
13 17 13 17 13 
13 18 
13 18 
13 18 
13 18 
28 17 28 17 28 17 28 17 28 17 28 
28 17 28 17 28 17 28 17 28 17 28 
17 18 
17 18 
17 18 
17 18 
18 17 
18 17 
17 18 
17 18 
16 18 
16 18 
28 17 28 
28 17 28 
29 18 
29 18 
18 17 18 
18 17 18 
28 17 28 
28 17 28 
17 18 
17 18 
13 17 29 
13 17 29 
13 17 29 
13 17 29 
29 17 29 
29 17 29 
13 17 13 
13 17 13 
13 18 
13 18 
17 30 
17 30 
29 17 29 
29 17 29 
17 18 
17 18 
29 17 29 17 29 17 29 
29 17 29 17 29 17 29 
13 17 13 
13 17 13 
28 18 
28 18 
28 18 
28 18 
28 17 28 
28 17 28 
17 18 
17 18 
17 18 
17 18 
13 18 
13 18 
29 18 
29 18 
29 18 
29 18 
29 18 
29 18 
29 18 
29 18 
29 17 29 
29 17 29 
16 18 
16 18 
29 17 29 
29 17 29 
29 17 29 
29 17 29 
13 17 13 
13 17 13 
13 17 13 
13 17 13 
28 18 
28 18 
28 18 
28 18 
13 17 13 
13 17 13 
29 17 29 
29 17 29 
16 18 
16 18 
13 17 13 
13 17 13 
28 17 28 
28 17 28 
13 17 13 17 13 17 13 
13 17 13 17 13 17 13 
13 17 13 17 13 17 13 
13 17 13 17 13 17 13 
13 17 13 17 13 17 13 
13 17 13 17 13 17 13 
31 18 
31 18 
31 18 
31 18 
31 18 
31 18 
31 18 
31 18 
31 18 
31 18 
13 17 13 17 13 17 13 17 13 17 13 17 13 
13 17 13 17 13 17 13 17 13 17 13 17 13 
30 17 30 18 
30 17 30 18 
13 17 13 
13 17 13 
13 17 13 17 13 
13 17 13 17 13 
13 17 13 
13 17 13 
13 17 13 
13 17 13 
13 17 13 
13 17 13 
13 17 13 
13 17 13 
28 17 28 
28 17 28 
28 17 28 
28 17 28 
13 17 13 
13 17 13 
30 18 
30 18 
13 17 13 17 13 17 13 17 13 17 13 
13 17 13 17 13 17 13 17 13 17 13 
28 17 28 17 28 17 28 17 28 17 28 
28 17 28 17 28 17 28 17 28 17 28 
17 13 
17 13 
17 29 
17 29 
29 17 29 
29 17 29 
13 17 13 
13 17 13 
29 17 29 17 29 17 29 
29 17 29 17 29 17 29 
29 17 29 
29 17 29 
29 17 29 
29 17 29 
29 17 29 17 29 17 29 17 29 17 29 
29 17 29 17 29 17 29 17 29 17 29 
13 29 
13 29 
13 29 
13 29 
13 18 
13 18 
13 29 
13 29 
17 29 
17 29 
28 17 28 
28 17 28 
30 17 30 
30 17 30 
30 17 30 
30 17 30 
17 18 27 
17 18 27 
28 17 28 
28 17 28 
30 18 
30 18 
28 29 
28 29 
13 17 13 
13 17 13 
29 17 29 18 
29 17 29 18 
13 29 13 29 
13 29 13 29 
13 17 13 17 13 17 13 
13 17 13 17 13 17 13 
28 17 28 17 28 17 28 
28 17 28 17 28 17 28 
13 17 13 17 13 17 13 
13 17 13 17 13 17 13 
17 30 
17 30 
30 17 16 
30 17 16 
29 17 29 
29 17 29 
17 18 
17 18 
13 17 13 29 17 29 
13 17 13 29 17 29 
29 17 29 
29 17 29 
29 17 29 13 17 13 
29 17 29 13 17 13 
30 18 
30 18 
29 17 29 17 29 17 29 
29 17 29 17 29 17 29 
13 17 13 17 13 17 13 17 13 17 13 
13 17 13 17 13 17 13 17 13 17 13 
13 17 13 17 13 17 13 17 13 17 13 
13 17 13 17 13 17 13 17 13 17 13 
17 29 
17 29 
17 29 
17 29 
13 17 13 
13 17 13 
20 17 18 
20 17 18 
30 17 
30 17 
2 17 2 
2 17 2 
17 18 
17 18 
13 17 13 17 13 17 13 17 13 
13 17 13 17 13 17 13 17 13 
29 17 29 18 
29 17 29 18 
13 18 
13 18 
29 17 29 
29 17 29 
13 17 13 
13 17 13 
13 18 
13 18 
28 29 30 29 
28 29 30 29 
17 30 
17 30 
0 17 0 
0 17 0 
30 17 30 
30 17 30 
29 17 29 
29 17 29 
29 17 29 
29 17 29 
28 18 
28 18 
29 17 29 17 29 17 29 
29 17 29 17 29 17 29 
28 17 28 
28 17 28 
13 17 13 17 13 17 13 
13 17 13 17 13 17 13 
13 30 18 
13 30 18 
13 17 13 17 13 17 13 
13 17 13 17 13 17 13 
17 13 17 13 18 
17 13 17 13 18 
30 16 
30 16 
13 17 13 17 13 17 13 
13 17 13 17 13 17 13 
29 17 29 
29 17 29 
28 17 28 17 28 
28 17 28 17 28 
13 17 13 17 13 17 13 
13 17 13 17 13 17 13 
6 17 6 13 28 29 13 28 13 28 13 
6 17 6 13 28 29 13 28 13 28 13 
29 17 29 
29 17 29 
31 30 
31 30 
29 17 29 
29 17 29 
28 17 28 
28 17 28 
6 17 6 
6 17 6 
7 29 
7 29 
13 28 13 
13 28 13 
13 17 13 17 13 17 13 17 13 17 13 17 13 17 13 17 13 
13 17 13 17 13 17 13 17 13 17 13 17 13 17 13 17 13 
6 17 6 
6 17 6 
29 17 29 
29 17 29 
28 17 28 18 
28 17 28 18 
28 17 28 18 
28 17 28 18 
17 18 
17 18 
13 17 13 17 13 
13 17 13 17 13 
13 17 13 17 13 17 13 17 13 17 13 17 13 
13 17 13 17 13 17 13 17 13 17 13 17 13 
28 17 28 18 
28 17 28 18 
28 17 28 18 
28 17 28 18 
13 17 13 
13 17 13 
28 13 
28 13 
13 17 13 
13 17 13 
13 17 13 17 13 17 13 
13 17 13 17 13 17 13 
26 18 
26 18 
26 18 
26 18 
26 18 
26 18 
3 18 
3 18 
13 17 13 
13 17 13 
13 29 
13 29 
29 17 29 17 29 
29 17 29 17 29 
13 29 
13 29 
13 17 13 17 13 17 13 17 13 
13 17 13 17 13 17 13 17 13 
13 17 13 17 13 17 13 17 13 
13 17 13 17 13 17 13 17 13 
13 17 13 17 13 
13 17 13 17 13 
13 17 13 17 13 17 13 17 13 
13 17 13 17 13 17 13 17 13 
29 17 29 
29 17 29 
28 17 28 
28 17 28 
28 17 28 
28 17 28 
13 28 
13 28 
30 17 30 
30 17 30 
29 17 29 
29 17 29 
18 17 18 
18 17 18 
6 18 
6 18 
6 18 
6 18 
24 18 
24 18 
28 17 28 
28 17 28 
6 18 
6 18 
13 17 13 17 13 17 13 17 13 17 13 
13 17 13 17 13 17 13 17 13 17 13 
13 17 13 17 13 17 13 17 13 17 13 17 13 
13 17 13 17 13 17 13 17 13 17 13 17 13 
13 18 
13 18 
30 17 
30 17 
13 17 13 17 13 17 13 
13 17 13 17 13 17 13 
13 17 13 17 13 17 13 
13 17 13 17 13 17 13 
13 17 13 
13 17 13 
13 17 13 
13 17 13 
13 17 13 
13 17 13 
17 18 
17 18 
29 17 29 
29 17 29 
30 6 17 6 
30 6 17 6 
29 17 29 
29 17 29 
28 29 
28 29 
17 18 
17 18 
17 18 
17 18 
17 18 
17 18 
29 28 
29 28 
13 17 13 
13 17 13 
29 28 
29 28 
17 18 
17 18 
27 18 
27 18 
29 17 29 
29 17 29 
29 17 29 
29 17 29 
2 18 
2 18 
29 17 29 
29 17 29 
13 17 13 
13 17 13 
17 13 
17 13 
13 17 13 
13 17 13 
13 17 13 
13 17 13 
13 17 13 
13 17 13 
16 26 18 
16 26 18 
17 18 
17 18 
29 17 29 
29 17 29 
29 18 
29 18 
29 18 
29 18 
29 18 
29 18 
13 17 13 
13 17 13 
13 17 13 
13 17 13 
13 17 13 
13 17 13 
13 17 13 
13 17 13 
29 17 29 18 
29 17 29 18 
29 18 
29 18 
29 18 
29 18 
31 18 
31 18 
30 17 30 
30 17 30 
13 17 13 
13 17 13 
18 29 
18 29 
29 18 29 
29 18 29 
24 18 
24 18 
17 29 18 
17 29 18 
29 18 29 
29 18 29 
17 13 
17 13 
28 18 
28 18 
3 18 
3 18 
29 18 
29 18 
29 18 
29 18 
13 17 13 17 13 17 13 
13 17 13 17 13 17 13 
29 18 
29 18 
17 29 
17 29 
30 18 
30 18 
13 17 13 18 
13 17 13 18 
29 17 29 28 13 
29 17 29 28 13 
13 17 13 
13 17 13 
29 17 29 17 30 
29 17 29 17 30 
13 2 13 28 2 13 2 13 
13 2 13 28 2 13 2 13 
29 17 29 
29 17 29 
13 17 13 
13 17 13 
28 17 28 
28 17 28 
28 17 28 
28 17 28 
28 17 28 
28 17 28 
17 29 17 29 
17 29 17 29 
17 29 17 29 18 17 18 
17 29 17 29 18 17 18 
28 29 28 
28 29 28 
28 29 28 
28 29 28 
28 29 28 
28 29 28 
28 29 28 
28 29 28 
29 17 29 
29 17 29 
29 17 29 
29 17 29 
29 17 29 
29 17 29 
29 18 
29 18 
29 18 
29 18 
29 17 30 17 29 
29 17 30 17 29 
30 18 
30 18 
13 18 
13 18 
13 18 
13 18 
13 18 
13 18 
30 18 
30 18 
17 18 
17 18 
13 17 13 
13 17 13 
28 17 28 
28 17 28 
29 17 29 
29 17 29 
6 17 6 17 6 17 6 
6 17 6 17 6 17 6 
29 28 29 13 
29 28 29 13 
6 17 6 17 6 17 6 
6 17 6 17 6 17 6 
17 30 
17 30 
17 18 
17 18 
17 18 
17 18 
13 17 13 
13 17 13 
17 18 
17 18 
17 18 
17 18 
6 17 6 17 6 17 6 
6 17 6 17 6 17 6 
6 17 6 17 6 17 6 
6 17 6 17 6 17 6 
6 17 6 
6 17 6 
13 17 13 17 13 17 13 
13 17 13 17 13 17 13 
6 17 6 
6 17 6 
6 17 6 
6 17 6 
17 18 
17 18 
17 0 
17 0 
29 17 29 
29 17 29 
29 17 29 
29 17 29 
13 17 13 17 13 
13 17 13 17 13 
29 18 
29 18 
29 17 29 
29 17 29 
28 17 28 17 28 17 28 17 28 17 28 
28 17 28 17 28 17 28 17 28 17 28 
6 17 6 17 6 17 6 
6 17 6 17 6 17 6 
13 17 13 
13 17 13 
13 17 13 
13 17 13 
30 17 30 
30 17 30 
30 18 
30 18 
29 17 29 
29 17 29 
28 17 28 17 28 17 28 
28 17 28 17 28 17 28 
29 18 
29 18 
13 18 
13 18 
13 29 
13 29 
29 18 
29 18 
29 17 18 
29 17 18 
29 17 29 
29 17 29 
29 13 
29 13 
29 13 
29 13 
30 17 
30 17 
29 17 29 
29 17 29 
29 17 29 17 29 
29 17 29 17 29 
0 18 
0 18 
1 18 
1 18 
29 17 29 17 29 17 29 17 29 17 29 
29 17 29 17 29 17 29 17 29 17 29 
29 17 29 
29 17 29 
13 17 13 
13 17 13 
29 17 29 
29 17 29 
29 17 29 
29 17 29 
13 17 13 
13 17 13 
28 17 28 17 28 17 28 17 28 17 28 
28 17 28 17 28 17 28 17 28 17 28 
13 17 13 
13 17 13 
29 17 29 
29 17 29 
29 17 29 
29 17 29 
29 17 29 
29 17 29 
17 13 
17 13 
29 17 29 
29 17 29 
18 17 18 
18 17 18 
17 28 
17 28 
13 17 13 17 13 
13 17 13 17 13 
29 16 
29 16 
13 17 13 
13 17 13 
3 18 
3 18 
29 17 29 
29 17 29 
17 18 
17 18 
17 18 
17 18 
30 17 30 
30 17 30 
29 17 29 
29 17 29 
29 17 29 
29 17 29 
13 17 13 
13 17 13 
0 18 
0 18 
18 17 18 
18 17 18 
17 29 18 
17 29 18 
30 18 
30 18 
13 29 
13 29 
29 17 29 
29 17 29 
29 17 29 
29 17 29 
9 32 
9 32 
30 18 
30 18 
13 17 13 
13 17 13 
13 17 13 
13 17 13 
13 17 13 
13 17 13 
28 13 
28 13 
13 17 13 
13 17 13 
13 17 13 17 13 17 13 17 13 17 13 17 13 
13 17 13 17 13 17 13 17 13 17 13 17 13 
3 26 
3 26 
13 28 
13 28 
3 26 
3 26 
29 17 29 
29 17 29 
13 17 13 17 13 
13 17 13 17 13 
29 18 
29 18 
29 18 
29 18 
29 18 
29 18 
29 18 
29 18 
29 17 29 
29 17 29 
28 13 28 13 29 28 13 29 23 
28 13 28 13 29 28 13 29 23 
13 17 13 
13 17 13 
13 17 13 
13 17 13 
28 13 28 13 29 28 29 23 28 
28 13 28 13 29 28 29 23 28 
29 28 
29 28 
29 28 
29 28 
29 28 
29 28 
13 17 13 17 13 17 13 
13 17 13 17 13 17 13 
29 28 
29 28 
17 29 17 29 17 29 17 29 17 29 17 29 17 29 
17 29 17 29 17 29 17 29 17 29 17 29 17 29 
28 17 28 
28 17 28 
28 17 28 
28 17 28 
13 17 13 
13 17 13 
28 17 28 
28 17 28 
29 17 29 
29 17 29 
28 17 28 
28 17 28 
30 18 
30 18 
13 17 13 17 13 
13 17 13 17 13 
13 17 13 
13 17 13 
29 17 29 
29 17 29 
13 17 13 
13 17 13 
3 18 
3 18 
13 17 13 
13 17 13 
29 17 29 
29 17 29 
30 17 30 
30 17 30 
17 18 
17 18 
18 17 18 
18 17 18 
17 0 18 
17 0 18 
18 28 
18 28 
29 17 29 
29 17 29 
30 18 
30 18 
3 26 
3 26 
29 17 29 
29 17 29 
29 18 
29 18 
28 17 28 
28 17 28 
29 17 29 
29 17 29 
29 17 29 
29 17 29 
17 18 
17 18 
13 17 13 17 13 17 13 18 
13 17 13 17 13 17 13 18 
17 30 17 13 
17 30 17 13 
17 18 
17 18 
17 18 
17 18 
17 18 
17 18 
17 18 
17 18 
17 18 
17 18 
29 17 29 17 29 17 29 
29 17 29 17 29 17 29 
17 18 
17 18 
17 18 
17 18 
28 17 28 
28 17 28 
0 17 0 
0 17 0 
28 17 28 
28 17 28 
28 17 28 
28 17 28 
29 17 29 17 29 17 29 
29 17 29 17 29 17 29 
29 17 29 
29 17 29 
28 17 28 
28 17 28 
13 17 13 
13 17 13 
29 17 29 
29 17 29 
16 30 18 
16 30 18 
30 16 
30 16 
30 17 30 
30 17 30 
29 17 29 
29 17 29 
29 17 29 
29 17 29 
30 18 
30 18 
13 17 13 
13 17 13 
29 17 29 
29 17 29 
29 17 29 
29 17 29 
29 17 29 
29 17 29 
29 17 29 
29 17 29 
13 17 13 
13 17 13 
13 17 13 
13 17 13 
17 13 
17 13 
30 17 30 
30 17 30 
13 17 13 
13 17 13 
13 17 13 
13 17 13 
13 17 13 
13 17 13 
13 18 
13 18 
29 17 29 
29 17 29 
29 13 28 13 29 
29 13 28 13 29 
13 17 13 17 13 28 17 28 
13 17 13 17 13 28 17 28 
29 17 29 28 17 28 
29 17 29 28 17 28 
29 17 29 
29 17 29 
13 17 13 17 13 17 13 
13 17 13 17 13 17 13 
29 17 29 
29 17 29 
13 17 13 17 13 17 13 
13 17 13 17 13 17 13 
28 17 28 18 
28 17 28 18 
30 17 30 
30 17 30 
29 17 29 18 
29 17 29 18 
17 3 18 
17 3 18 
17 3 18 
17 3 18 
28 16 3 13 30 13 28 18 
28 16 3 13 30 13 28 18 
29 17 29 17 29 17 29 
29 17 29 17 29 17 29 
13 17 13 
13 17 13 
17 13 
17 13 
13 17 13 
13 17 13 
29 17 29 
29 17 29 
13 17 13 
13 17 13 
13 17 13 
13 17 13 
13 18 
13 18 
13 17 13 
13 17 13 
29 17 29 
29 17 29 
28 17 28 17 28 17 28 
28 17 28 17 28 17 28 
13 17 13 
13 17 13 
24 17 
24 17 
28 17 28 
28 17 28 
29 17 29 17 29 17 29 
29 17 29 17 29 17 29 
29 17 29 
29 17 29 
28 17 28 
28 17 28 
17 18 
17 18 
13 17 13 
13 17 13 
13 17 13 17 13 17 13 
13 17 13 17 13 17 13 
24 18 
24 18 
30 18 
30 18 
29 13 29 13 
29 13 29 13 
28 13 28 
28 13 28 
28 17 28 17 28 17 28 
28 17 28 17 28 17 28 
28 13 28 
28 13 28 
30 18 
30 18 
30 17 30 
30 17 30 
30 18 
30 18 
30 18 
30 18 
28 17 28 17 28 17 28 
28 17 28 17 28 17 28 
29 18 
29 18 
6 17 6 
6 17 6 
29 18 
29 18 
30 17 
30 17 
13 17 13 17 13 18 
13 17 13 17 13 18 
13 17 13 17 13 17 13 17 13 
13 17 13 17 13 17 13 17 13 
0 17 0 
0 17 0 
29 18 
29 18 
6 17 6 
6 17 6 
29 17 29 
29 17 29 
31 18 
31 18 
17 18 
17 18 
17 18 
17 18 
17 18 
17 18 
17 18 
17 18 
17 18 
17 18 
17 18 
17 18 
17 18 
17 18 
17 18 
17 18 
13 17 13 17 13 17 13 
13 17 13 17 13 17 13 
28 17 28 13 17 13 17 13 17 13 17 13 17 13 17 13 
28 17 28 13 17 13 17 13 17 13 17 13 17 13 17 13 
12 18 
12 18 
0 17 0 18 
0 17 0 18 
17 18 
17 18 
28 17 28 17 28 17 28 17 28 17 28 
28 17 28 17 28 17 28 17 28 17 28 
17 32 
17 32 
13 17 13 
13 17 13 
13 17 13 
13 17 13 
17 13 17 13 17 13 17 13 17 13 17 13 17 13 17 13 17 13 17 13 17 13 
17 13 17 13 17 13 17 13 17 13 17 13 17 13 17 13 17 13 17 13 17 13 
29 18 
29 18 
13 17 13 
13 17 13 
0 17 0 18 
0 17 0 18 
30 17 30 
30 17 30 
28 17 28 17 28 
28 17 28 17 28 
28 17 28 18 
28 17 28 18 
28 17 28 18 
28 17 28 18 
28 17 28 17 28 17 28 
28 17 28 17 28 17 28 
28 17 28 17 28 17 28 
28 17 28 17 28 17 28 
28 17 28 
28 17 28 
28 17 28 
28 17 28 
28 17 28 
28 17 28 
17 18 
17 18 
31 29 
31 29 
31 29 
31 29 
18 28 18 
18 28 18 
13 17 13 17 13 17 13 18 
13 17 13 17 13 17 13 18 
28 18 
28 18 
24 18 
24 18 
28 17 28 
28 17 28 
28 17 28 
28 17 28 
28 17 28 
28 17 28 
28 17 28 
28 17 28 
28 18 
28 18 
28 17 28 
28 17 28 
28 17 28 
28 17 28 
13 17 13 
13 17 13 
30 18 
30 18 
0 17 0 17 0 
0 17 0 17 0 
13 17 13 
13 17 13 
29 18 
29 18 
29 17 29 
29 17 29 
29 17 29 
29 17 29 
18 17 28 
18 17 28 
29 17 29 
29 17 29 
29 17 29 
29 17 29 
17 18 
17 18 
29 17 29 
29 17 29 
28 17 28 13 17 13 17 13 
28 17 28 13 17 13 17 13 
29 17 29 
29 17 29 
29 17 29 
29 17 29 
17 29 
17 29 
29 17 29 
29 17 29 
30 17 30 
30 17 30 
29 18 
29 18 
30 18 
30 18 
13 29 13 29 13 29 13 29 13 29 13 29 13 29 
13 29 13 29 13 29 13 29 13 29 13 29 13 29 
17 18 
17 18 
13 17 13 17 13 17 13 17 13 17 13 
13 17 13 17 13 17 13 17 13 17 13 
13 17 13 17 13 17 13 
13 17 13 17 13 17 13 
30 17 30 
30 17 30 
13 17 13 17 13 17 13 
13 17 13 17 13 17 13 
17 30 
17 30 
17 29 
17 29 
28 18 
28 18 
28 17 28 18 
28 17 28 18 
17 18 28 17 
17 18 28 17 
13 17 13 17 13 17 13 17 13 
13 17 13 17 13 17 13 17 13 
17 18 
17 18 
17 30 17 30 17 
17 30 17 30 17 
24 18 
24 18 
30 17 30 13 17 13 
30 17 30 13 17 13 
13 29 13 29 13 29 13 29 13 29 13 31 29 13 28 13 30 13 
13 29 13 29 13 29 13 29 13 29 13 31 29 13 28 13 30 13 
29 17 29 
29 17 29 
29 17 29 
29 17 29 
29 17 29 17 29 
29 17 29 17 29 
29 17 29 28 17 28 
29 17 29 28 17 28 
13 17 13 
13 17 13 
17 29 
17 29 
13 17 13 17 13 18 
13 17 13 17 13 18 
6 29 17 29 28 17 28 29 18 
6 29 17 29 28 17 28 29 18 
6 29 17 29 28 17 28 29 18 
6 29 17 29 28 17 28 29 18 
6 29 17 29 18 
6 29 17 29 18 
30 17 
30 17 
31 18 
31 18 
13 28 13 
13 28 13 
13 17 13 
13 17 13 
6 17 6 
6 17 6 
6 17 6 
6 17 6 
6 17 6 
6 17 6 
6 17 6 
6 17 6 
6 17 6 
6 17 6 
6 17 6 
6 17 6 
6 17 6 
6 17 6 
6 17 6 
6 17 6 
6 17 6 
6 17 6 
6 17 6 
6 17 6 
28 17 28 
28 17 28 
17 18 
17 18 
13 28 
13 28 
16 18 
16 18 
29 17 29 
29 17 29 
29 17 29 18 
29 17 29 18 
29 17 29 18 
29 17 29 18 
29 17 29 18 
29 17 29 18 
18 13 17 13 17 13 17 13 17 13 17 13 18 
18 13 17 13 17 13 17 13 17 13 17 13 18 
28 17 28 
28 17 28 
6 17 6 
6 17 6 
6 17 6 
6 17 6 
13 18 13 
13 18 13 
30 17 30 
30 17 30 
17 18 
17 18 
17 18 
17 18 
17 18 
17 18 
29 17 29 
29 17 29 
28 17 28 
28 17 28 
18 16 18 
18 16 18 
30 17 30 
30 17 30 
17 18 
17 18 
30 18 
30 18 
13 17 13 
13 17 13 
13 17 13 
13 17 13 
17 18 
17 18 
13 17 13 
13 17 13 
28 17 28 
28 17 28 
17 18 
17 18 
13 17 13 
13 17 13 
17 13 30 18 
17 13 30 18 
29 17 29 
29 17 29 
13 30 18 
13 30 18 
13 17 13 17 13 17 13 18 
13 17 13 17 13 17 13 18 
17 30 
17 30 
31 17 31 17 31 17 31 17 31 
31 17 31 17 31 17 31 17 31 
13 17 13 
13 17 13 
17 13 
17 13 
17 18 13 17 13 17 13 18 
17 18 13 17 13 17 13 18 
17 18 13 17 13 17 13 18 
17 18 13 17 13 17 13 18 
13 17 13 17 13 17 13 17 13 
13 17 13 17 13 17 13 17 13 
18 17 18 
18 17 18 
31 18 
31 18 
29 17 29 
29 17 29 
17 29 
17 29 
28 17 28 
28 17 28 
28 17 28 
28 17 28 
28 17 28 
28 17 28 
28 17 28 
28 17 28 
28 17 28 
28 17 28 
28 17 28 
28 17 28 
28 17 28 
28 17 28 
28 17 28 
28 17 28 
28 17 28 
28 17 28 
28 17 28 
28 17 28 
28 17 28 
28 17 28 
28 17 28 
28 17 28 
6 17 6 
6 17 6 
3 18 
3 18 
29 17 29 17 29 17 29 17 29 17 29 
29 17 29 17 29 17 29 17 29 17 29 
29 13 29 
29 13 29 
13 18 
13 18 
28 17 28 
28 17 28 
29 17 29 
29 17 29 
13 28 13 29 28 
13 28 13 29 28 
29 17 29 
29 17 29 
28 17 28 
28 17 28 
13 17 13 17 13 28 17 28 
13 17 13 17 13 28 17 28 
28 17 28 
28 17 28 
17 30 
17 30 
29 18 
29 18 
29 18 
29 18 
28 17 28 17 28 17 28 
28 17 28 17 28 17 28 
29 13 28 13 6 
29 13 28 13 6 
29 13 28 13 6 
29 13 28 13 6 
29 13 28 13 6 
29 13 28 13 6 
29 13 28 13 6 
29 13 28 13 6 
17 18 
17 18 
17 18 
17 18 
17 18 
17 18 
17 18 
17 18 
29 17 29 
29 17 29 
29 17 29 
29 17 29 
13 17 13 17 13 
13 17 13 17 13 
13 17 13 17 13 
13 17 13 17 13 
17 13 
17 13 
28 29 
28 29 
17 13 17 13 17 13 17 13 
17 13 17 13 17 13 17 13 
13 17 13 
13 17 13 
28 17 28 17 28 17 28 17 28 17 28 
28 17 28 17 28 17 28 17 28 17 28 
28 17 28 17 28 17 28 17 28 17 28 
28 17 28 17 28 17 28 17 28 17 28 
28 17 28 17 28 17 28 17 28 17 28 
28 17 28 17 28 17 28 17 28 17 28 
28 17 28 17 28 17 28 17 28 17 28 
28 17 28 17 28 17 28 17 28 17 28 
28 17 28 17 28 17 28 17 28 17 28 
28 17 28 17 28 17 28 17 28 17 28 
28 17 28 
28 17 28 
28 17 28 
28 17 28 
13 17 13 17 13 17 13 
13 17 13 17 13 17 13 
29 17 29 
29 17 29 
29 17 29 
29 17 29 
29 30 29 
29 30 29 
13 18 30 
13 18 30 
13 18 
13 18 
30 18 
30 18 
13 17 13 
13 17 13 
29 18 
29 18 
17 13 
17 13 
13 17 13 
13 17 13 
18 17 18 
18 17 18 
6 29 6 17 6 
6 29 6 17 6 
13 17 13 17 13 
13 17 13 17 13 
29 18 3 17 
29 18 3 17 
3 17 3 17 3 
3 17 3 17 3 
6 17 6 13 
6 17 6 13 
29 17 29 
29 17 29 
28 17 28 
28 17 28 
28 17 28 
28 17 28 
17 18 
17 18 
29 17 29 
29 17 29 
30 17 30 
30 17 30 
17 31 
17 31 
17 31 
17 31 
31 18 
31 18 
29 18 
29 18 
30 18 
30 18 
7 18 
7 18 
13 17 13 17 13 17 13 
13 17 13 17 13 17 13 
17 18 
17 18 
28 17 28 17 28 18 
28 17 28 17 28 18 
29 17 29 
29 17 29 
18 16 
18 16 
31 18 
31 18 
31 18 
31 18 
17 13 17 13 
17 13 17 13 
17 13 17 13 
17 13 17 13 
6 17 6 
6 17 6 
13 17 13 
13 17 13 
29 17 29 17 29 17 29 17 29 17 29 
29 17 29 17 29 17 29 17 29 17 29 
28 17 28 
28 17 28 
29 17 29 
29 17 29 
29 17 29 
29 17 29 
31 18 
31 18 
31 18 
31 18 
29 17 29 17 29 17 29 
29 17 29 17 29 17 29 
30 18 
30 18 
30 18 
30 18 
17 30 
17 30 
28 17 28 
28 17 28 
0 17 0 17 0 17 0 17 0 
0 17 0 17 0 17 0 17 0 
24 18 
24 18 
29 18 
29 18 
29 18 
29 18 
13 17 13 
13 17 13 
28 18 
28 18 
28 18 
28 18 
29 17 29 
29 17 29 
29 17 29 
29 17 29 
13 18 
13 18 
30 18 
30 18 
29 17 29 
29 17 29 
13 29 13 29 18 
13 29 13 29 18 
12 18 
12 18 
29 17 29 
29 17 29 
3 17 3 18 
3 17 3 18 
29 17 29 
29 17 29 
29 17 29 
29 17 29 
29 17 29 
29 17 29 
29 17 29 
29 17 29 
28 17 28 
28 17 28 
13 17 13 
13 17 13 
18 30 18 
18 30 18 
18 30 18 
18 30 18 
13 17 13 17 13 17 13 17 13 17 13 
13 17 13 17 13 17 13 17 13 17 13 
29 17 29 17 29 
29 17 29 17 29 
17 18 
17 18 
0 18 
0 18 
0 18 
0 18 
0 18 
0 18 
30 16 
30 16 
13 17 13 17 13 17 13 17 13 
13 17 13 17 13 17 13 17 13 
13 17 13 
13 17 13 
29 17 29 17 29 17 29 17 29 17 29 
29 17 29 17 29 17 29 17 29 17 29 
29 17 29 17 29 17 29 
29 17 29 17 29 17 29 
13 17 13 
13 17 13 
17 18 
17 18 
17 18 
17 18 
17 18 
17 18 
13 17 13 
13 17 13 
30 18 
30 18 
13 17 13 17 13 17 13 
13 17 13 17 13 17 13 
29 17 29 
29 17 29 
29 17 29 
29 17 29 
17 18 
17 18 
29 17 29 17 29 17 29 17 29 17 29 17 29 17 29 17 29 17 29 17 29 17 29 17 29 17 29 17 29 17 29 17 29 17 29 18 
29 17 29 17 29 17 29 17 29 17 29 17 29 17 29 17 29 17 29 17 29 17 29 17 29 17 29 17 29 17 29 17 29 17 29 18 
28 29 
28 29 
2 18 
2 18 
29 17 29 
29 17 29 
18 29 
18 29 
28 18 
28 18 
17 29 13 
17 29 13 
3 13 3 
3 13 3 
30 17 30 
30 17 30 
13 3 
13 3 
3 13 3 
3 13 3 
13 17 13 
13 17 13 
13 17 13 17 13 
13 17 13 17 13 
29 13 
29 13 
28 17 28 17 28 
28 17 28 17 28 
3 13 3 28 3 13 
3 13 3 28 3 13 
29 17 29 
29 17 29 
29 17 29 
29 17 29 
29 17 29 
29 17 29 
29 17 29 
29 17 29 
24 18 
24 18 
30 17 30 
30 17 30 
0 17 0 
0 17 0 
3 13 3 29 
3 13 3 29 
17 30 18 
17 30 18 
17 30 18 
17 30 18 
30 18 
30 18 
29 17 29 
29 17 29 
29 18 
29 18 
29 18 
29 18 
29 18 
29 18 
29 18 
29 18 
0 18 
0 18 
13 17 13 
13 17 13 
30 18 
30 18 
29 17 29 17 29 17 29 17 29 17 29 
29 17 29 17 29 17 29 17 29 17 29 
30 18 
30 18 
28 17 28 
28 17 28 
28 13 
28 13 
28 17 28 
28 17 28 
28 17 28 17 28 17 28 
28 17 28 17 28 17 28 
13 17 13 
13 17 13 
2 17 2 
2 17 2 
17 30 18 
17 30 18 
13 17 13 
13 17 13 
17 18 
17 18 
17 18 
17 18 
13 17 13 
13 17 13 
29 17 29 17 29 17 29 
29 17 29 17 29 17 29 
13 17 13 
13 17 13 
30 17 30 
30 17 30 
29 17 29 17 29 
29 17 29 17 29 
28 17 28 
28 17 28 
0 17 0 
0 17 0 
13 17 13 
13 17 13 
18 17 18 
18 17 18 
24 18 
24 18 
17 18 
17 18 
28 17 28 17 28 17 28 
28 17 28 17 28 17 28 
30 13 18 
30 13 18 
30 17 30 
30 17 30 
13 28 
13 28 
13 17 13 17 13 
13 17 13 17 13 
28 29 28 29 28 18 
28 29 28 29 28 18 
28 17 28 
28 17 28 
28 17 28 
28 17 28 
28 17 28 
28 17 28 
28 17 28 
28 17 28 
28 17 28 
28 17 28 
28 17 28 
28 17 28 
28 17 28 
28 17 28 
28 17 28 
28 17 28 
29 17 29 
29 17 29 
13 30 
13 30 
28 29 13 29 
28 29 13 29 
28 17 28 
28 17 28 
13 17 13 17 13 
13 17 13 17 13 
29 28 29 28 29 28 2 28 29 28 
29 28 29 28 29 28 2 28 29 28 
13 17 13 
13 17 13 
29 17 29 
29 17 29 
29 17 29 17 29 17 29 17 29 17 29 
29 17 29 17 29 17 29 17 29 17 29 
29 18 
29 18 
3 18 
3 18 
13 29 
13 29 
29 18 
29 18 
30 17 30 
30 17 30 
29 17 29 17 29 17 29 
29 17 29 17 29 17 29 
30 17 30 
30 17 30 
29 17 29 
29 17 29 
13 17 13 
13 17 13 
13 29 
13 29 
30 18 
30 18 
13 17 13 17 13 17 13 
13 17 13 17 13 17 13 
30 18 
30 18 
30 18 
30 18 
28 17 28 
28 17 28 
17 18 
17 18 
29 18 
29 18 
29 18 
29 18 
13 17 13 
13 17 13 
30 17 30 
30 17 30 
30 17 18 
30 17 18 
17 18 
17 18 
30 17 30 
30 17 30 
17 29 17 13 17 13 
17 29 17 13 17 13 
13 17 13 17 13 18 
13 17 13 17 13 18 
13 17 13 17 13 18 
13 17 13 17 13 18 
29 13 
29 13 
29 13 
29 13 
29 13 
29 13 
29 13 
29 13 
18 27 29 
18 27 29 
18 27 29 
18 27 29 
18 27 29 
18 27 29 
13 17 13 17 13 
13 17 13 17 13 
13 17 13 17 13 
13 17 13 17 13 
30 17 30 
30 17 30 
17 30 
17 30 
17 29 17 29 
17 29 17 29 
29 17 29 17 29 17 29 17 29 17 29 
29 17 29 17 29 17 29 17 29 17 29 
30 18 
30 18 
29 17 29 
29 17 29 
29 17 29 
29 17 29 
29 17 29 
29 17 29 
30 18 
30 18 
29 17 29 17 29 
29 17 29 17 29 
29 17 29 
29 17 29 
29 17 29 
29 17 29 
17 18 
17 18 
17 18 
17 18 
17 18 
17 18 
29 17 29 17 29 17 29 17 29 17 29 
29 17 29 17 29 17 29 17 29 17 29 
13 17 13 17 13 17 13 18 
13 17 13 17 13 17 13 18 
17 30 18 
17 30 18 
17 18 
17 18 
13 17 13 17 13 17 13 
13 17 13 17 13 17 13 
13 17 13 17 13 17 13 
13 17 13 17 13 17 13 
13 17 13 17 13 17 13 
13 17 13 17 13 17 13 
13 17 13 
13 17 13 
13 17 13 17 13 17 13 
13 17 13 17 13 17 13 
13 18 
13 18 
13 17 13 17 13 
13 17 13 17 13 
13 17 13 
13 17 13 
30 18 
30 18 
31 18 
31 18 
30 17 30 18 
30 17 30 18 
28 17 28 
28 17 28 
0 18 
0 18 
29 17 29 17 29 17 29 17 29 17 29 
29 17 29 17 29 17 29 17 29 17 29 
0 18 
0 18 
13 29 18 
13 29 18 
13 29 18 
13 29 18 
13 29 18 
13 29 18 
29 17 29 17 29 17 29 17 29 17 29 
29 17 29 17 29 17 29 17 29 17 29 
29 17 29 
29 17 29 
29 17 29 18 
29 17 29 18 
17 30 
17 30 
28 17 28 
28 17 28 
17 18 
17 18 
30 18 
30 18 
29 18 
29 18 
29 17 29 
29 17 29 
17 30 
17 30 
28 17 28 
28 17 28 
13 17 13 
13 17 13 
17 28 17 28 18 
17 28 17 28 18 
17 28 17 28 18 
17 28 17 28 18 
30 18 
30 18 
13 17 13 17 13 
13 17 13 17 13 
30 18 
30 18 
17 30 
17 30 
17 18 
17 18 
17 18 
17 18 
17 18 
17 18 
13 18 
13 18 
18 17 18 
18 17 18 
17 18 
17 18 
13 17 13 17 13 17 13 
13 17 13 17 13 17 13 
13 18 
13 18 
13 18 
13 18 
13 28 13 28 13 28 13 28 13 28 
13 28 13 28 13 28 13 28 13 28 
6 17 6 
6 17 6 
17 13 29 
17 13 29 
13 17 13 
13 17 13 
13 30 
13 30 
13 30 
13 30 
30 18 
30 18 
30 18 
30 18 
13 17 13 17 13 
13 17 13 17 13 
17 30 
17 30 
17 18 
17 18 
17 18 
17 18 
17 18 
17 18 
17 18 
17 18 
31 18 
31 18 
17 30 
17 30 
31 18 
31 18 
31 18 
31 18 
30 17 30 
30 17 30 
30 18 
30 18 
13 17 13 17 13 17 13 17 13 17 13 
13 17 13 17 13 17 13 17 13 17 13 
28 17 28 
28 17 28 
13 17 13 
13 17 13 
28 17 28 
28 17 28 
17 13 17 28 
17 13 17 28 
17 13 17 28 
17 13 17 28 
30 17 30 17 30 
30 17 30 17 30 
30 17 
30 17 
29 17 29 
29 17 29 
30 18 
30 18 
29 17 29 17 29 
29 17 29 17 29 
30 18 
30 18 
28 17 28 18 
28 17 28 18 
13 17 13 17 13 17 13 17 13 17 13 17 13 
13 17 13 17 13 17 13 17 13 17 13 17 13 
17 29 
17 29 
29 17 29 17 29 17 29 
29 17 29 17 29 17 29 
18 17 18 
18 17 18 
13 17 13 17 13 17 13 
13 17 13 17 13 17 13 
0 17 0 
0 17 0 
29 18 
29 18 
13 17 13 
13 17 13 
13 17 13 
13 17 13 
13 17 13 
13 17 13 
13 17 13 17 13 
13 17 13 17 13 
17 18 
17 18 
13 17 13 17 13 
13 17 13 17 13 
13 17 13 17 13 
13 17 13 17 13 
13 17 13 
13 17 13 
13 17 13 
13 17 13 
29 18 
29 18 
13 17 13 17 13 17 13 18 
13 17 13 17 13 17 13 18 
28 17 28 
28 17 28 
17 18 
17 18 
29 17 29 
29 17 29 
28 17 28 
28 17 28 
29 17 29 
29 17 29 
17 13 
17 13 
30 17 30 
30 17 30 
29 17 29 
29 17 29 
29 17 29 
29 17 29 
29 17 29 
29 17 29 
13 17 13 17 13 17 13 
13 17 13 17 13 17 13 
29 17 29 
29 17 29 
13 17 13 
13 17 13 
29 18 
29 18 
13 17 13 17 13 17 13 
13 17 13 17 13 17 13 
13 17 13 
13 17 13 
29 17 29 
29 17 29 
29 17 29 
29 17 29 
13 17 13 17 13 17 13 18 
13 17 13 17 13 17 13 18 
29 17 29 
29 17 29 
18 17 18 
18 17 18 
28 18 28 18 
28 18 28 18 
28 18 28 18 
28 18 28 18 
28 17 28 
28 17 28 
28 18 28 
28 18 28 
28 18 28 
28 18 28 
30 18 
30 18 
13 27 18 
13 27 18 
30 17 30 
30 17 30 
30 17 30 
30 17 30 
17 18 
17 18 
13 18 
13 18 
29 18 
29 18 
29 18 
29 18 
17 18 
17 18 
13 17 13 
13 17 13 
29 18 
29 18 
17 13 17 13 
17 13 17 13 
29 18 
29 18 
17 30 17 18 
17 30 17 18 
15 29 17 29 
15 29 17 29 
30 18 
30 18 
28 17 28 17 28 17 28 
28 17 28 17 28 17 28 
17 18 
17 18 
17 18 
17 18 
17 18 
17 18 
29 17 29 18 
29 17 29 18 
28 17 28 
28 17 28 
17 18 
17 18 
13 30 13 
17 13 
13 12 2 13 2 13 29 
30 17 
13 30 13 
29 13 
29 13 
29 13 
28 30 28 13 
28 13 
30 28 13 28 
29 28 29 
28 13 
29 28 29 
28 13 28 
29 28 29 
13 30 13 
30 13 17 
13 17 
13 29 30 
13 29 30 29 
17 30 
30 16 
17 31 
16 30 
17 31 
17 31 
29 28 29 30 29 13 29 13 30 13 
29 13 
29 13 
13 30 13 
13 30 13 
29 2 13 
28 29 
13 30 
13 30 16 13 
30 17 
13 30 13 
13 30 
13 30 
32 9 13 
13 29 13 
13 29 
13 29 
13 29 
13 29 
13 29 13 29 
13 29 13 
29 13 29 2 13 29 2 29 13 29 13 29 13 29 2 29 
30 17 
28 13 28 
28 13 28 
30 16 
13 28 30 
29 0 
17 13 
13 29 13 
2 13 2 29 30 2 
30 17 
17 30 
17 13 
28 30 
30 13 
13 30 28 29 
30 16 
17 30 
17 30 
17 30 
29 13 
13 28 30 28 
17 30 
30 17 
13 30 
16 13 
30 32 
30 17 
13 29 
13 29 
16 30 
13 17 
13 29 
29 13 29 13 
30 13 
30 13 
30 17 
30 17 
30 17 
0 17 
0 17 
17 13 
13 28 13 
13 29 13 
13 29 
17 29 17 3 
13 29 
13 28 13 
13 27 
13 30 
13 2 13 
13 28 13 
0 30 
17 29 
13 30 13 
13 30 
29 28 
29 28 
13 30 13 
28 29 13 
13 28 
30 32 9 
13 2 30 13 2 29 13 29 13 
13 30 17 
2 30 13 2 
17 30 
13 28 13 
17 3 
17 30 
17 29 
17 13 30 13 
30 16 29 
13 29 30 
13 30 
13 6 13 6 
13 6 
13 6 
6 13 
13 6 13 6 
17 30 
17 13 
13 17 30 
13 2 
29 28 
30 17 
13 30 13 
31 30 13 29 13 
13 30 
13 28 13 30 
30 13 
30 17 
30 17 
30 17 
13 29 13 
17 3 
17 3 
29 3 
17 29 30 3 29 
17 3 29 
13 30 13 30 13 
30 17 
13 29 
17 28 13 28 
13 3 
13 29 13 
16 30 
13 29 13 
13 29 
28 13 
13 29 
30 28 13 
28 13 
17 30 
13 16 
28 30 28 
13 29 13 
17 13 30 13 
17 16 13 30 
13 16 
17 28 13 
29 13 29 13 
16 30 13 17 
17 13 16 13 30 13 
28 29 
29 28 
29 28 29 28 29 30 28 29 
30 28 
13 30 
29 17 
17 30 
2 13 30 
13 30 
13 30 
28 29 
29 28 
17 30 
30 28 
30 28 
29 13 29 
13 30 13 
30 17 
29 13 
29 30 
29 28 
29 28 
13 28 
3 17 
3 17 
17 30 
1 30 
29 13 29 
28 29 28 
30 16 
30 24 
32 17 
29 13 29 
0 13 
13 30 13 29 13 
17 13 30 13 29 13 
13 30 13 
30 17 
13 29 13 
29 17 
2 13 
30 16 
29 28 13 28 13 28 13 29 13 30 
29 13 
29 13 
2 30 
13 30 0 
29 28 13 
30 17 
2 13 
30 17 
17 30 
30 17 
30 17 
13 28 13 
17 30 
17 30 
13 17 
28 29 
32 9 
16 30 
13 30 
30 16 30 
30 16 30 
17 16 30 
29 30 
13 30 16 
30 13 
30 13 
28 13 
13 30 
28 29 28 29 
16 30 
16 30 
13 30 
17 30 
13 30 13 
13 30 13 
29 13 
28 29 
13 29 
29 30 29 
22 17 
29 26 
17 13 
17 30 
13 30 13 
28 13 30 
28 13 30 17 
30 17 
29 13 29 13 29 13 29 
13 29 13 29 13 29 13 29 13 
30 16 
17 30 
29 13 
29 17 29 
29 17 29 
30 16 
16 30 
2 29 
2 29 
28 30 17 
28 29 0 13 29 
13 28 13 
32 30 
30 16 
28 13 28 29 13 
29 13 31 29 13 29 13 29 13 
28 13 28 29 
30 32 
29 13 
31 29 30 13 
30 17 
16 30 
32 30 
30 29 
13 17 
16 30 24 
29 13 
30 17 
13 17 
17 29 13 
29 13 
28 13 
13 30 
13 30 
13 30 13 
32 30 
13 29 
30 17 
30 29 
13 28 
13 28 13 28 
13 28 
13 30 
13 30 
13 29 28 
13 29 13 29 28 13 
13 29 
29 30 29 
13 16 13 
13 29 
13 29 30 
13 28 13 
30 13 
13 28 13 
13 29 
13 29 
13 2 29 13 2 30 29 
13 2 29 13 2 30 29 13 
30 17 
13 29 17 
29 17 
30 17 
30 13 0 13 
30 16 
13 30 
28 29 28 29 
30 16 
30 28 
30 17 
13 30 13 17 
30 28 
30 21 
30 13 
30 21 
29 13 
29 16 29 16 29 16 29 
13 30 
30 13 
30 13 
30 16 
30 16 
30 17 
30 17 
16 30 
29 13 29 
29 2 17 
30 13 
30 13 
30 29 28 29 13 29 13 
29 28 29 13 
13 17 13 16 
30 13 
30 29 
29 30 29 
17 30 
29 2 
29 13 
29 2 
29 30 
13 2 13 2 13 
29 13 29 
30 16 
29 13 30 3 
30 16 
13 29 13 
13 29 13 
32 30 
13 30 
13 28 13 
30 32 
13 30 29 
29 13 
29 28 29 28 13 
30 16 
30 16 
16 30 
30 17 
13 16 2 13 16 
28 13 29 
29 13 29 
30 17 
30 13 
12 29 
17 30 
16 30 
13 28 
30 17 
28 29 
13 28 
13 28 13 
13 30 
16 30 
17 27 
13 30 
29 28 29 13 
29 13 
13 30 
13 30 
30 17 
28 13 29 13 29 13 29 
13 30 
3 28 
3 28 
13 30 
30 28 
28 30 
13 29 
13 17 
13 28 29 6 13 28 
17 0 
13 29 
13 29 
13 29 
13 17 
29 13 29 13 
29 13 
29 13 29 
30 17 
13 16 13 2 13 16 
30 17 
13 29 13 
28 13 
13 28 
13 28 
13 28 
13 29 13 
13 28 13 
13 29 13 
17 30 32 
29 30 
29 13 
13 29 30 29 
12 29 
29 13 30 
28 13 28 
28 13 28 
29 28 
29 28 
13 30 
30 29 13 
30 16 
29 13 29 13 29 13 
17 28 29 30 28 29 28 29 
17 28 29 28 
29 13 29 
13 30 
28 29 28 3 17 
29 30 29 
29 16 
28 0 
13 30 
13 30 13 30 13 
13 30 
30 29 
28 29 16 
13 17 29 
17 30 
29 13 
17 13 30 13 
17 13 
13 17 
13 30 17 
13 30 13 
17 30 
13 28 13 
29 13 
13 28 
13 29 
13 29 13 
30 17 
13 31 13 2 
13 30 13 17 
13 30 
17 30 17 
13 17 
13 28 
30 17 
30 17 
13 30 
29 13 
13 30 13 30 17 
30 13 
30 31 
30 13 
30 13 
17 13 
16 17 
13 30 
13 30 13 30 
13 30 13 30 
30 17 
28 13 28 13 28 30 13 28 
30 13 
13 30 
28 13 
29 28 29 
29 28 29 
13 30 
28 13 
29 13 29 
28 13 
13 30 
17 3 29 
3 29 28 
13 30 
17 3 29 
17 29 28 3 28 
13 29 30 
13 29 30 
13 28 13 28 13 
13 28 13 17 
30 16 
13 28 
28 13 28 
30 16 
13 29 
28 13 
29 13 
29 13 
29 13 
29 13 
29 13 
29 13 
13 29 
13 29 
17 29 
13 29 28 
24 30 
30 17 
13 28 13 
13 1 
30 13 
30 17 13 
13 29 
28 29 13 28 
13 29 
13 30 
13 30 
13 29 13 30 13 29 17 
13 30 13 
30 17 
13 30 
13 16 30 13 16 
16 30 13 16 13 
13 30 
13 30 
13 30 
13 29 13 29 13 
17 30 
28 13 16 30 
13 28 
13 28 13 16 30 
13 2 13 
13 30 13 
16 30 
32 17 
30 29 
13 30 
13 30 13 28 13 
13 28 13 3 13 3 13 3 
0 13 28 13 28 13 0 28 13 28 0 13 28 13 0 28 
30 17 
13 29 13 
13 30 13 28 
17 30 
13 17 
31 30 
13 28 13 
13 28 13 
29 13 
13 17 
17 3 
13 30 13 
12 13 
13 29 13 29 13 
30 16 
30 16 
29 30 
30 16 
29 28 29 
17 32 
17 3 
30 17 
30 17 
17 30 
30 17 
30 17 
17 30 
29 28 29 
28 29 
29 13 29 13 30 29 
13 30 
29 13 28 29 
30 17 
30 28 
30 28 
29 17 
13 28 
17 30 
29 13 29 
30 13 
30 13 
29 13 
28 13 28 13 28 
29 13 28 13 28 13 28 13 28 13 16 13 
9 17 
28 29 
13 29 13 29 13 2 13 17 
13 30 16 
13 30 13 16 
30 13 16 
13 30 
13 30 
17 13 
30 16 13 
17 13 
30 17 
13 29 13 
28 13 
28 13 
13 28 
30 13 
13 28 
28 13 
13 30 13 
13 0 
29 13 
29 30 29 
13 29 17 
29 13 
13 29 
13 28 13 28 13 
13 30 28 
17 31 13 
16 30 
30 13 
13 17 
13 28 
13 28 
31 17 
17 13 
17 13 
13 30 13 
29 17 
29 17 
30 17 
17 30 
13 28 13 
28 13 28 13 28 13 28 13 28 
28 13 28 13 28 13 
13 28 13 
16 30 
31 29 31 
31 29 31 
13 17 
13 17 
29 13 
2 30 
13 29 
13 29 
13 28 13 28 13 29 13 29 
30 17 
13 28 13 
13 28 13 
28 13 29 28 13 28 13 28 13 29 13 28 13 28 29 
29 13 29 13 28 29 28 13 28 29 13 29 28 13 28 
30 13 
29 13 29 13 29 13 29 13 29 30 13 29 13 29 13 
13 28 13 
13 30 
29 13 29 13 29 13 29 13 29 30 13 29 13 29 13 
17 30 
30 16 
29 30 29 
29 30 29 
17 13 
30 29 
30 17 
17 13 2 13 2 6 
30 1 
13 2 13 2 17 6 
13 30 13 16 13 2 16 13 16 13 2 30 16 17 
13 16 13 30 13 16 13 16 13 16 17 6 
13 2 16 13 2 16 13 16 13 30 13 16 13 17 
13 2 13 2 13 16 30 16 30 16 17 
13 29 13 
17 13 
13 29 
30 17 
13 30 
13 30 13 28 
13 29 16 
13 28 13 
30 16 
30 16 
30 17 
17 2 31 2 
28 29 28 29 28 
28 29 28 
29 13 
29 13 29 
29 13 29 13 
29 13 29 
30 29 
29 31 30 16 
29 31 30 16 29 
17 30 
13 30 
32 17 
30 17 
29 13 29 
29 13 
29 30 
17 30 
13 17 
13 30 
13 29 30 
30 13 
13 28 13 
13 29 
30 17 
13 29 
13 17 30 
17 30 
17 13 28 13 29 13 28 13 
13 28 
30 17 
13 31 13 30 
30 17 
28 13 28 13 28 13 
29 28 13 2 28 13 28 13 
13 30 28 29 
16 30 
13 30 28 29 
13 28 13 28 13 
13 28 13 
13 28 13 
17 30 
13 29 
13 29 30 
30 32 
13 30 
29 30 
13 17 
29 30 
13 17 
13 17 
28 13 28 13 
13 29 
29 28 
29 30 
17 30 
29 13 
13 16 13 29 13 28 13 28 16 13 16 13 29 16 13 16 13 29 
17 30 
13 30 13 
29 13 
29 13 
17 13 
16 30 
30 16 
13 19 13 30 13 
30 17 
13 29 13 29 13 
29 28 
17 13 
28 13 
29 13 29 
16 30 16 
29 28 29 
13 29 13 
13 16 13 30 16 
30 17 
16 30 29 
13 30 13 
16 17 
28 13 
29 2 29 2 
13 16 30 
2 27 
29 13 
32 9 
13 30 
13 30 
30 17 
13 28 
30 17 
30 17 
17 30 
17 30 
17 32 
13 28 13 
13 28 13 28 
30 17 
30 17 
13 30 
30 17 
13 28 13 
13 30 
30 17 
1 30 13 29 
17 3 28 
17 3 
30 16 
30 16 
17 3 28 
28 13 
31 28 
29 28 
9 30 32 
13 16 
13 16 
13 16 
30 17 
13 28 13 
17 29 2 
29 2 17 
16 30 13 29 
16 29 30 
16 30 
13 29 
30 16 
30 16 
28 13 
28 13 
28 29 
28 29 28 30 28 
30 13 
28 30 
28 30 29 
13 30 
13 28 13 28 13 
13 28 13 28 13 
13 28 13 28 13 
13 30 16 
31 30 
0 30 29 
0 29 13 
29 13 29 
29 13 
13 29 
28 13 28 
28 13 28 
30 16 
17 13 29 13 29 13 2 
13 29 
17 30 
13 29 
29 30 
13 2 13 
13 2 13 
30 16 
13 29 30 13 29 
30 17 
29 13 
29 13 
29 28 29 
29 28 13 28 29 13 28 13 
2 13 28 13 
17 30 
29 2 
29 2 13 
28 13 
29 30 
13 30 13 
13 30 13 
30 17 
0 30 
30 17 
0 17 
