17 13 17 13 17 13 
17 13 17 13 17 13 
17 13 
17 13 
17 13 
17 13 
29 17 29 
29 17 29 
29 17 29 
29 17 29 
28 29 18 
28 29 18 
13 17 13 
13 17 13 
27 17 27 
27 17 27 
27 17 27 
27 17 27 
17 27 
17 27 
13 17 13 
13 17 13 
30 18 
30 18 
28 13 27 28 13 27 
28 13 27 28 13 27 
17 28 
17 28 
28 17 28 17 28 17 28 17 28 17 28 
28 17 28 17 28 17 28 17 28 17 28 
17 18 
17 18 
17 18 
17 18 
13 17 13 18 
13 17 13 18 
17 18 
17 18 
27 18 
27 18 
17 18 
17 18 
17 18 
17 18 
13 17 13 
13 17 13 
17 18 
17 18 
17 18 
17 18 
13 17 13 
13 17 13 
28 13 17 13 
28 13 17 13 
13 17 13 
13 17 13 
13 29 
13 29 
27 13 27 13 27 13 28 13 27 13 28 
27 13 27 13 27 13 28 13 27 13 28 
28 17 28 
28 17 28 
27 13 27 13 27 13 28 13 28 27 13 28 
27 13 27 13 27 13 28 13 28 27 13 28 
28 18 
28 18 
27 17 27 
27 17 27 
27 17 27 
27 17 27 
27 13 27 13 27 13 28 
27 13 27 13 27 13 28 
0 17 0 
0 17 0 
27 17 27 17 27 17 27 
27 17 27 17 27 17 27 
27 13 27 13 27 13 28 
27 13 27 13 27 13 28 
29 17 29 
29 17 29 
17 6 18 
17 6 18 
18 17 18 
18 17 18 
13 29 
13 29 
13 29 13 
13 29 13 
13 29 
13 29 
13 17 13 17 13 17 13 17 13 
13 17 13 17 13 17 13 17 13 
17 18 
17 18 
13 17 13 
13 17 13 
17 18 
17 18 
17 18 
17 18 
28 18 
28 18 
29 18 
29 18 
13 18 
13 18 
30 18 
30 18 
30 18 
30 18 
29 18 
29 18 
27 13 
27 13 
29 18 
29 18 
28 17 28 17 28 17 28 
28 17 28 17 28 17 28 
28 17 28 17 28 17 28 
28 17 28 17 28 17 28 
13 29 13 
13 29 13 
13 17 13 17 13 17 13 17 13 17 13 17 13 
13 17 13 17 13 17 13 17 13 17 13 17 13 
18 17 18 
18 17 18 
28 17 28 
28 17 28 
6 17 6 
6 17 6 
17 18 
17 18 
18 27 
18 27 
13 17 13 
13 17 13 
13 18 
13 18 
13 18 
13 18 
27 17 27 
27 17 27 
13 17 13 
13 17 13 
27 17 27 
27 17 27 
27 17 27 
27 17 27 
29 16 
29 16 
28 17 28 
28 17 28 
13 17 
13 17 
2 18 
2 18 
28 17 28 18 
28 17 28 18 
28 18 
28 18 
27 17 27 
27 17 27 
27 17 27 17 27 17 27 
27 17 27 17 27 17 27 
27 17 27 
27 17 27 
27 17 27 
27 17 27 
27 18 
27 18 
27 18 
27 18 
27 17 27 
27 17 27 
28 17 28 
28 17 28 
27 17 27 17 27 17 27 
27 17 27 17 27 17 27 
27 17 27 
27 17 27 
24 18 
24 18 
3 18 
3 18 
3 18 
3 18 
27 17 27 17 27 17 27 17 27 17 27 
27 17 27 17 27 17 27 17 27 17 27 
27 13 
27 13 
13 17 13 
13 17 13 
13 17 13 
13 17 13 
13 17 13 
13 17 13 
28 17 28 17 28 
28 17 28 17 28 
28 17 28 17 28 
28 17 28 17 28 
28 17 28 
28 17 28 
27 17 27 
27 17 27 
28 17 28 
28 17 28 
28 17 28 
28 17 28 
28 18 
28 18 
17 18 
17 18 
27 17 27 17 27 17 27 
27 17 27 17 27 17 27 
13 17 13 
13 17 13 
28 17 28 
28 17 28 
28 17 28 17 
28 17 28 17 
28 18 
28 18 
29 17 29 
29 17 29 
27 17 27 
27 17 27 
13 17 13 
13 17 13 
28 17 28 17 28 
28 17 28 17 28 
27 17 27 17 27 17 27 
27 17 27 17 27 17 27 
17 13 
17 13 
16 18 
16 18 
16 18 
16 18 
28 27 
28 27 
28 17 28 
28 17 28 
28 17 28 
28 17 28 
13 17 13 
13 17 13 
13 17 13 
13 17 13 
13 17 13 17 13 
13 17 13 17 13 
29 17 29 
29 17 29 
28 17 28 
28 17 28 
13 6 17 6 
13 6 17 6 
6 17 6 
6 17 6 
2 17 2 
2 17 2 
18 17 18 
18 17 18 
28 13 
28 13 
13 17 13 
13 17 13 
3 18 
3 18 
27 17 27 
27 17 27 
13 17 13 17 13 17 13 17 13 17 13 17 13 17 13 
13 17 13 17 13 17 13 17 13 17 13 17 13 17 13 
28 17 28 
28 17 28 
17 18 
17 18 
17 18 
17 18 
29 18 
29 18 
17 18 
17 18 
17 18 
17 18 
27 17 27 
27 17 27 
28 17 28 
28 17 28 
27 17 27 
27 17 27 
24 18 
24 18 
13 17 13 
13 17 13 
25 13 
25 13 
28 17 28 
28 17 28 
28 17 28 
28 17 28 
17 18 
17 18 
3 17 
3 17 
29 13 
29 13 
13 28 
13 28 
28 17 28 17 28 17 28 
28 17 28 17 28 17 28 
13 17 13 
13 17 13 
13 18 
13 18 
30 18 
30 18 
17 18 
17 18 
27 17 27 
27 17 27 
17 18 
17 18 
17 18 
17 18 
17 18 
17 18 
28 17 28 17 28 17 28 18 
28 17 28 17 28 17 28 18 
28 17 28 17 28 17 28 18 
28 17 28 17 28 17 28 18 
28 17 28 17 28 17 28 18 
28 17 28 17 28 17 28 18 
28 17 28 17 28 17 28 
28 17 28 17 28 17 28 
28 17 28 17 28 17 28 
28 17 28 17 28 17 28 
28 17 28 17 28 17 28 
28 17 28 17 28 17 28 
28 17 28 
28 17 28 
13 17 13 
13 17 13 
13 17 13 
13 17 13 
13 17 13 17 13 
13 17 13 17 13 
27 17 27 17 27 17 27 
27 17 27 17 27 17 27 
13 17 13 
13 17 13 
13 17 13 17 13 
13 17 13 17 13 
17 18 
17 18 
18 27 
18 27 
27 17 27 
27 17 27 
28 17 28 17 28 17 28 
28 17 28 17 28 17 28 
13 17 13 17 13 17 13 
13 17 13 17 13 17 13 
29 18 
29 18 
27 17 27 
27 17 27 
28 18 
28 18 
28 17 28 
28 17 28 
28 13 
28 13 
13 18 
13 18 
13 17 13 17 13 17 13 
13 17 13 17 13 17 13 
29 17 29 17 29 
29 17 29 17 29 
17 18 
17 18 
28 17 28 
28 17 28 
13 17 13 
13 17 13 
13 17 13 
13 17 13 
6 17 6 18 
6 17 6 18 
6 18 
6 18 
27 13 
27 13 
28 17 28 
28 17 28 
0 17 0 
0 17 0 
28 17 28 
28 17 28 
13 17 13 17 13 
13 17 13 17 13 
13 17 13 17 13 
13 17 13 17 13 
13 17 13 17 13 
13 17 13 17 13 
28 17 28 18 
28 17 28 18 
17 8 
17 8 
28 17 28 
28 17 28 
27 18 
27 18 
17 31 
17 31 
18 28 18 
18 28 18 
17 18 
17 18 
17 18 
17 18 
27 17 27 
27 17 27 
28 17 28 
28 17 28 
27 17 27 
27 17 27 
28 17 28 18 
28 17 28 18 
29 17 29 
29 17 29 
13 17 13 
13 17 13 
18 28 
18 28 
18 28 
18 28 
28 17 28 
28 17 28 
13 17 13 
13 17 13 
17 18 
17 18 
28 17 28 
28 17 28 
28 17 28 17 28 17 28 
28 17 28 17 28 17 28 
13 29 
13 29 
13 28 13 
13 28 13 
30 18 
30 18 
1 18 
1 18 
1 18 
1 18 
17 18 
17 18 
13 29 
13 29 
13 17 13 
13 17 13 
13 17 13 
13 17 13 
29 18 
29 18 
13 17 13 17 13 17 13 17 13 
13 17 13 17 13 17 13 17 13 
27 17 27 
27 17 27 
27 17 27 17 27 17 27 
27 17 27 17 27 17 27 
29 18 
29 18 
29 17 29 
29 17 29 
13 17 13 
13 17 13 
13 17 13 17 13 17 13 17 13 
13 17 13 17 13 17 13 17 13 
13 17 13 
13 17 13 
17 18 
17 18 
17 18 
17 18 
13 17 13 17 13 17 13 17 13 
13 17 13 17 13 17 13 17 13 
13 17 13 17 13 
13 17 13 17 13 
17 31 
17 31 
29 17 29 
29 17 29 
21 18 
21 18 
29 17 29 
29 17 29 
17 18 
17 18 
16 17 16 
16 17 16 
13 17 13 
13 17 13 
28 17 28 
28 17 28 
13 17 13 17 13 
13 17 13 17 13 
13 17 13 
13 17 13 
21 13 18 
21 13 18 
13 17 13 
13 17 13 
17 29 
17 29 
28 17 28 
28 17 28 
24 18 
24 18 
13 17 13 17 13 
13 17 13 17 13 
24 18 
24 18 
0 17 0 
0 17 0 
29 17 29 
29 17 29 
27 18 
27 18 
13 17 13 
13 17 13 
27 17 27 
27 17 27 
13 17 13 
13 17 13 
28 17 28 
28 17 28 
13 28 13 
13 28 13 
13 18 
13 18 
13 17 13 17 13 
13 17 13 17 13 
17 28 18 
17 28 18 
27 17 27 
27 17 27 
27 17 27 
27 17 27 
17 18 
17 18 
27 17 27 
27 17 27 
13 17 13 
13 17 13 
13 17 13 
13 17 13 
27 17 27 
27 17 27 
28 18 
28 18 
13 18 
13 18 
28 17 28 
28 17 28 
27 17 27 
27 17 27 
29 17 29 
29 17 29 
13 17 13 
13 17 13 
17 13 
17 13 
17 18 
17 18 
13 17 13 
13 17 13 
28 17 28 
28 17 28 
18 16 
18 16 
18 16 
18 16 
28 17 28 17 28 17 28 17 28 17 28 
28 17 28 17 28 17 28 17 28 17 28 
13 17 13 17 13 
13 17 13 17 13 
27 18 
27 18 
27 18 
27 18 
28 17 28 17 28 17 28 
28 17 28 17 28 17 28 
13 17 13 17 13 
13 17 13 17 13 
17 28 
17 28 
13 17 13 17 13 17 13 
13 17 13 17 13 17 13 
27 17 27 17 28 27 28 27 28 
27 17 27 17 28 27 28 27 28 
13 17 13 
13 17 13 
13 17 13 
13 17 13 
17 13 
17 13 
28 17 28 
28 17 28 
17 18 
17 18 
17 18 
17 18 
29 17 16 
29 17 16 
29 17 29 
29 17 29 
28 17 28 
28 17 28 
17 28 17 28 18 
17 28 17 28 18 
29 17 18 
29 17 18 
27 17 27 
27 17 27 
28 17 28 17 28 
28 17 28 17 28 
28 17 28 
28 17 28 
13 17 13 17 13 17 13 
13 17 13 17 13 17 13 
29 13 
29 13 
16 18 
16 18 
17 18 
17 18 
28 17 28 
28 17 28 
13 17 13 
13 17 13 
28 17 28 
28 17 28 
28 18 
28 18 
28 18 
28 18 
28 17 28 
28 17 28 
13 18 
13 18 
13 18 
13 18 
27 17 27 
27 17 27 
27 17 27 
27 17 27 
27 17 27 
27 17 27 
28 17 28 17 2 17 2 
28 17 28 17 2 17 2 
28 17 28 
28 17 28 
2 28 17 28 2 
2 28 17 28 2 
28 17 28 17 28 17 28 
28 17 28 17 28 17 28 
17 18 
17 18 
13 27 13 
13 27 13 
0 17 0 
0 17 0 
17 18 
17 18 
17 24 
17 24 
29 17 27 
29 17 27 
17 29 27 
17 29 27 
27 17 27 17 27 17 27 
27 17 27 17 27 17 27 
13 17 13 
13 17 13 
28 17 28 
28 17 28 
2 18 
2 18 
17 13 17 13 18 
17 13 17 13 18 
27 17 27 17 27 17 27 
27 17 27 17 27 17 27 
29 17 
29 17 
17 29 
17 29 
27 17 27 
27 17 27 
27 13 
27 13 
27 13 
27 13 
13 18 
13 18 
13 18 
13 18 
13 18 
13 18 
13 18 
13 18 
13 17 13 17 13 17 13 
13 17 13 17 13 17 13 
13 29 18 
13 29 18 
28 17 28 
28 17 28 
28 18 
28 18 
28 18 
28 18 
28 17 28 
28 17 28 
27 17 
27 17 
16 17 16 
16 17 16 
28 17 28 
28 17 28 
13 17 13 17 13 
13 17 13 17 13 
28 17 28 
28 17 28 
28 17 28 
28 17 28 
28 17 28 
28 17 28 
28 17 28 
28 17 28 
13 17 13 17 13 17 13 
13 17 13 17 13 17 13 
12 17 12 18 
12 17 12 18 
27 17 27 
27 17 27 
13 17 13 17 
13 17 13 17 
17 29 18 
17 29 18 
29 17 29 
29 17 29 
29 17 29 
29 17 29 
13 29 28 13 18 
13 29 28 13 18 
17 18 
17 18 
13 18 
13 18 
17 18 
17 18 
18 17 18 
18 17 18 
17 29 
17 29 
29 17 29 
29 17 29 
17 18 28 29 3 18 
17 18 28 29 3 18 
13 17 13 17 13 18 
13 17 13 17 13 18 
28 17 28 17 28 17 28 18 
28 17 28 17 28 17 28 18 
28 17 28 17 28 17 28 18 
28 17 28 17 28 17 28 18 
28 17 28 17 28 17 28 18 
28 17 28 17 28 17 28 18 
28 17 28 17 28 17 28 
28 17 28 17 28 17 28 
13 17 13 
13 17 13 
29 17 29 
29 17 29 
29 18 
29 18 
29 17 29 
29 17 29 
28 17 28 
28 17 28 
27 17 27 
27 17 27 
18 6 18 
18 6 18 
13 17 13 
13 17 13 
17 18 
17 18 
28 13 28 
28 13 28 
28 13 28 
28 13 28 
13 17 13 
13 17 13 
13 28 
13 28 
18 3 
18 3 
27 17 27 17 27 17 27 
27 17 27 17 27 17 27 
28 17 28 
28 17 28 
13 17 13 
13 17 13 
28 17 28 17 28 17 28 
28 17 28 17 28 17 28 
13 17 13 
13 17 13 
26 18 
26 18 
13 17 13 27 17 27 
13 17 13 27 17 27 
27 17 27 
27 17 27 
18 17 18 
18 17 18 
13 17 13 
13 17 13 
13 17 13 
13 17 13 
27 17 27 
27 17 27 
27 17 27 
27 17 27 
13 17 13 
13 17 13 
28 17 28 17 28 
28 17 28 17 28 
13 16 
13 16 
27 17 27 
27 17 27 
13 17 13 
13 17 13 
13 17 13 
13 17 13 
27 17 27 
27 17 27 
13 17 13 17 13 17 13 
13 17 13 17 13 17 13 
28 17 28 
28 17 28 
28 17 28 
28 17 28 
28 17 28 17 28 17 28 
28 17 28 17 28 17 28 
28 17 28 
28 17 28 
28 17 28 
28 17 28 
27 17 27 
27 17 27 
27 17 27 
27 17 27 
28 17 28 
28 17 28 
17 31 
17 31 
27 17 27 
27 17 27 
13 17 13 
13 17 13 
27 17 27 
27 17 27 
27 17 27 
27 17 27 
17 18 
17 18 
28 17 28 
28 17 28 
13 18 
13 18 
28 17 28 18 
28 17 28 18 
13 29 13 
13 29 13 
28 13 27 13 27 13 28 
28 13 27 13 27 13 28 
28 17 28 17 28 
28 17 28 17 28 
13 28 13 16 29 
13 28 13 16 29 
13 17 13 17 13 17 13 
13 17 13 17 13 17 13 
27 17 27 
27 17 27 
28 17 28 17 28 17 28 
28 17 28 17 28 17 28 
28 17 28 17 28 17 28 
28 17 28 17 28 17 28 
27 17 27 17 27 17 27 
27 17 27 17 27 17 27 
13 17 13 17 13 17 13 
13 17 13 17 13 17 13 
0 17 0 
0 17 0 
13 17 13 
13 17 13 
28 17 28 17 28 
28 17 28 17 28 
13 27 13 
13 27 13 
13 17 13 17 13 17 13 
13 17 13 17 13 17 13 
13 27 13 
13 27 13 
28 17 28 
28 17 28 
28 17 28 
28 17 28 
2 17 13 17 13 
2 17 13 17 13 
29 18 
29 18 
29 18 
29 18 
29 18 
29 18 
26 18 
26 18 
29 17 29 
29 17 29 
27 17 27 
27 17 27 
17 18 13 18 
17 18 13 18 
28 17 28 
28 17 28 
17 6 17 6 17 6 17 6 17 6 17 6 17 6 17 6 17 6 17 6 17 6 17 6 17 6 17 6 17 6 17 6 17 6 17 6 17 6 17 6 17 6 17 6 17 6 17 6 17 6 17 6 17 6 17 6 17 6 17 6 17 6 17 6 17 6 
17 6 17 6 17 6 17 6 17 6 17 6 17 6 17 6 17 6 17 6 17 6 17 6 17 6 17 6 17 6 17 6 17 6 17 6 17 6 17 6 17 6 17 6 17 6 17 6 17 6 17 6 17 6 17 6 17 6 17 6 17 6 17 6 17 6 
17 6 17 6 17 6 17 6 17 6 17 6 17 6 17 6 17 6 17 6 17 6 17 6 17 6 17 6 17 6 17 6 17 6 17 6 17 6 17 6 17 6 17 6 17 6 17 6 17 6 17 6 17 6 17 6 17 6 17 6 17 6 17 6 17 6 
17 6 17 6 17 6 17 6 17 6 17 6 17 6 17 6 17 6 17 6 17 6 17 6 17 6 17 6 17 6 17 6 17 6 17 6 17 6 17 6 17 6 17 6 17 6 17 6 17 6 17 6 17 6 17 6 17 6 17 6 17 6 17 6 17 6 
17 6 17 6 17 6 17 6 17 6 17 6 17 6 17 6 17 6 17 6 17 6 17 6 17 6 17 6 17 6 17 6 17 6 17 6 17 6 17 6 17 6 17 6 17 6 17 6 17 6 17 6 17 6 17 6 17 6 17 6 17 6 17 6 17 6 
17 6 17 6 17 6 17 6 17 6 17 6 17 6 17 6 17 6 17 6 17 6 17 6 17 6 17 6 17 6 17 6 17 6 17 6 17 6 17 6 17 6 17 6 17 6 17 6 17 6 17 6 17 6 17 6 17 6 17 6 17 6 17 6 17 6 
17 6 17 6 17 6 17 6 17 6 17 6 17 6 17 6 17 6 17 6 17 6 17 6 17 6 17 6 17 6 17 6 17 6 17 6 17 6 17 6 17 6 17 6 17 6 17 6 17 6 17 6 17 6 17 6 17 6 17 6 17 6 17 6 17 6 
17 6 17 6 17 6 17 6 17 6 17 6 17 6 17 6 17 6 17 6 17 6 17 6 17 6 17 6 17 6 17 6 17 6 17 6 17 6 17 6 17 6 17 6 17 6 17 6 17 6 17 6 17 6 17 6 17 6 17 6 17 6 17 6 17 6 
17 6 17 6 17 6 17 6 17 6 17 6 17 6 17 6 17 6 17 6 17 6 17 6 17 6 17 6 17 6 17 6 17 6 17 6 17 6 17 6 17 6 17 6 17 6 17 6 17 6 17 6 17 6 17 6 17 6 17 6 17 6 17 6 17 6 
17 6 17 6 17 6 17 6 17 6 17 6 17 6 17 6 17 6 17 6 17 6 17 6 17 6 17 6 17 6 17 6 17 6 17 6 17 6 17 6 17 6 17 6 17 6 17 6 17 6 17 6 17 6 17 6 17 6 17 6 17 6 17 6 17 6 
17 6 17 6 17 6 17 6 17 6 17 6 17 6 17 6 17 6 17 6 17 6 17 6 17 6 17 6 17 6 17 6 17 6 17 6 17 6 17 6 17 6 17 6 17 6 17 6 17 6 17 6 17 6 17 6 17 6 17 6 17 6 17 6 17 6 
17 6 17 6 17 6 17 6 17 6 17 6 17 6 17 6 17 6 17 6 17 6 17 6 17 6 17 6 17 6 17 6 17 6 17 6 17 6 17 6 17 6 17 6 17 6 17 6 17 6 17 6 17 6 17 6 17 6 17 6 17 6 17 6 17 6 
17 6 17 6 17 6 17 6 17 6 17 6 17 6 17 6 17 6 17 6 17 6 17 6 17 6 17 6 17 6 17 6 17 6 17 6 17 6 17 6 17 6 17 6 17 6 17 6 17 6 17 6 17 6 17 6 17 6 17 6 17 6 17 6 17 6 
17 6 17 6 17 6 17 6 17 6 17 6 17 6 17 6 17 6 17 6 17 6 17 6 17 6 17 6 17 6 17 6 17 6 17 6 17 6 17 6 17 6 17 6 17 6 17 6 17 6 17 6 17 6 17 6 17 6 17 6 17 6 17 6 17 6 
17 6 17 6 17 6 17 6 17 6 17 6 17 6 17 6 17 6 17 6 17 6 17 6 17 6 17 6 17 6 17 6 17 6 17 6 17 6 17 6 17 6 17 6 17 6 17 6 17 6 17 6 17 6 17 6 17 6 17 6 17 6 17 6 17 6 
17 6 17 6 17 6 17 6 17 6 17 6 17 6 17 6 17 6 17 6 17 6 17 6 17 6 17 6 17 6 17 6 17 6 17 6 17 6 17 6 17 6 17 6 17 6 17 6 17 6 17 6 17 6 17 6 17 6 17 6 17 6 17 6 17 6 
17 6 17 6 17 6 17 6 17 6 17 6 17 6 17 6 17 6 17 6 17 6 17 6 17 6 17 6 17 6 17 6 17 6 17 6 17 6 17 6 17 6 17 6 17 6 17 6 17 6 17 6 17 6 17 6 17 6 17 6 17 6 17 6 17 6 
17 6 17 6 17 6 17 6 17 6 17 6 17 6 17 6 17 6 17 6 17 6 17 6 17 6 17 6 17 6 17 6 17 6 17 6 17 6 17 6 17 6 17 6 17 6 17 6 17 6 17 6 17 6 17 6 17 6 17 6 17 6 17 6 17 6 
17 6 17 6 17 6 17 6 17 6 17 6 17 6 17 6 17 6 17 6 17 6 17 6 17 6 17 6 17 6 17 6 17 6 17 6 17 6 17 6 17 6 17 6 17 6 17 6 17 6 17 6 17 6 17 6 17 6 17 6 17 6 17 6 17 6 
17 6 17 6 17 6 17 6 17 6 17 6 17 6 17 6 17 6 17 6 17 6 17 6 17 6 17 6 17 6 17 6 17 6 17 6 17 6 17 6 17 6 17 6 17 6 17 6 17 6 17 6 17 6 17 6 17 6 17 6 17 6 17 6 17 6 
17 6 17 6 17 6 17 6 17 6 17 6 17 6 17 6 17 6 17 6 17 6 17 6 17 6 17 6 17 6 17 6 17 6 17 6 17 6 17 6 17 6 17 6 17 6 17 6 17 6 17 6 17 6 17 6 17 6 17 6 17 6 17 6 17 6 
17 6 17 6 17 6 17 6 17 6 17 6 17 6 17 6 17 6 17 6 17 6 17 6 17 6 17 6 17 6 17 6 17 6 17 6 17 6 17 6 17 6 17 6 17 6 17 6 17 6 17 6 17 6 17 6 17 6 17 6 17 6 17 6 17 6 
17 6 17 6 17 6 17 6 17 6 17 6 17 6 17 6 17 6 17 6 17 6 17 6 17 6 17 6 17 6 17 6 17 6 17 6 17 6 17 6 17 6 17 6 17 6 17 6 17 6 17 6 17 6 17 6 17 6 17 6 17 6 17 6 17 6 
17 6 17 6 17 6 17 6 17 6 17 6 17 6 17 6 17 6 17 6 17 6 17 6 17 6 17 6 17 6 17 6 17 6 17 6 17 6 17 6 17 6 17 6 17 6 17 6 17 6 17 6 17 6 17 6 17 6 17 6 17 6 17 6 17 6 
17 6 17 6 17 6 17 6 17 6 17 6 17 6 17 6 17 6 17 6 17 6 17 6 17 6 17 6 17 6 17 6 17 6 17 6 17 6 17 6 17 6 17 6 17 6 17 6 17 6 17 6 17 6 17 6 17 6 17 6 17 6 17 6 17 6 
17 6 17 6 17 6 17 6 17 6 17 6 17 6 17 6 17 6 17 6 17 6 17 6 17 6 17 6 17 6 17 6 17 6 17 6 17 6 17 6 17 6 17 6 17 6 17 6 17 6 17 6 17 6 17 6 17 6 17 6 17 6 17 6 17 6 
17 6 17 6 17 6 17 6 17 6 17 6 17 6 17 6 17 6 17 6 17 6 17 6 17 6 17 6 17 6 17 6 17 6 17 6 17 6 17 6 17 6 17 6 17 6 17 6 17 6 17 6 17 6 17 6 17 6 17 6 17 6 17 6 17 6 
17 6 17 6 17 6 17 6 17 6 17 6 17 6 17 6 17 6 17 6 17 6 17 6 17 6 17 6 17 6 17 6 17 6 17 6 17 6 17 6 17 6 17 6 17 6 17 6 17 6 17 6 17 6 17 6 17 6 17 6 17 6 17 6 17 6 
17 6 17 6 17 6 17 6 17 6 17 6 17 6 17 6 17 6 17 6 17 6 17 6 17 6 17 6 17 6 17 6 17 6 17 6 17 6 17 6 17 6 17 6 17 6 17 6 17 6 17 6 17 6 17 6 17 6 17 6 17 6 17 6 17 6 
17 6 17 6 17 6 17 6 17 6 17 6 17 6 17 6 17 6 17 6 17 6 17 6 17 6 17 6 17 6 17 6 17 6 17 6 17 6 17 6 17 6 17 6 17 6 17 6 17 6 17 6 17 6 17 6 17 6 17 6 17 6 17 6 17 6 
17 6 17 6 17 6 17 6 17 6 17 6 17 6 17 6 17 6 17 6 17 6 17 6 17 6 17 6 17 6 17 6 17 6 17 6 17 6 17 6 17 6 17 6 17 6 17 6 17 6 17 6 17 6 17 6 17 6 17 6 17 6 17 6 17 6 
17 6 17 6 17 6 17 6 17 6 17 6 17 6 17 6 17 6 17 6 17 6 17 6 17 6 17 6 17 6 17 6 17 6 17 6 17 6 17 6 17 6 17 6 17 6 17 6 17 6 17 6 17 6 17 6 17 6 17 6 17 6 17 6 17 6 
17 6 17 6 17 6 17 6 17 6 17 6 17 6 17 6 17 6 17 6 17 6 17 6 17 6 17 6 17 6 17 6 17 6 17 6 17 6 17 6 17 6 17 6 17 6 17 6 17 6 17 6 17 6 17 6 17 6 17 6 17 6 17 6 17 6 
17 6 17 6 17 6 17 6 17 6 17 6 17 6 17 6 17 6 17 6 17 6 17 6 17 6 17 6 17 6 17 6 17 6 17 6 17 6 17 6 17 6 17 6 17 6 17 6 17 6 17 6 17 6 17 6 17 6 17 6 17 6 17 6 17 6 
17 6 17 6 17 6 17 6 17 6 17 6 17 6 17 6 17 6 17 6 17 6 17 6 17 6 17 6 17 6 17 6 17 6 17 6 17 6 17 6 17 6 17 6 17 6 17 6 17 6 17 6 17 6 17 6 17 6 17 6 17 6 17 6 17 6 
17 6 17 6 17 6 17 6 17 6 17 6 17 6 17 6 17 6 17 6 17 6 17 6 17 6 17 6 17 6 17 6 17 6 17 6 17 6 17 6 17 6 17 6 17 6 17 6 17 6 17 6 17 6 17 6 17 6 17 6 17 6 17 6 17 6 
17 6 17 6 17 6 17 6 17 6 17 6 17 6 17 6 17 6 17 6 17 6 17 6 17 6 17 6 17 6 17 6 17 6 17 6 17 6 17 6 17 6 17 6 17 6 17 6 17 6 17 6 17 6 17 6 17 6 17 6 17 6 17 6 17 6 
17 6 17 6 17 6 17 6 17 6 17 6 17 6 17 6 17 6 17 6 17 6 17 6 17 6 17 6 17 6 17 6 17 6 17 6 17 6 17 6 17 6 17 6 17 6 17 6 17 6 17 6 17 6 17 6 17 6 17 6 17 6 17 6 17 6 
17 6 17 6 17 6 17 6 17 6 17 6 17 6 17 6 17 6 17 6 17 6 17 6 17 6 17 6 17 6 17 6 17 6 17 6 17 6 17 6 17 6 17 6 17 6 17 6 17 6 17 6 17 6 17 6 17 6 17 6 17 6 17 6 17 6 
17 6 17 6 17 6 17 6 17 6 17 6 17 6 17 6 17 6 17 6 17 6 17 6 17 6 17 6 17 6 17 6 17 6 17 6 17 6 17 6 17 6 17 6 17 6 17 6 17 6 17 6 17 6 17 6 17 6 17 6 17 6 17 6 17 6 
17 6 17 6 17 6 17 6 17 6 17 6 17 6 17 6 17 6 17 6 17 6 17 6 17 6 17 6 17 6 17 6 17 6 17 6 17 6 17 6 17 6 17 6 17 6 17 6 17 6 17 6 17 6 17 6 17 6 17 6 17 6 17 6 17 6 
17 6 17 6 17 6 17 6 17 6 17 6 17 6 17 6 17 6 17 6 17 6 17 6 17 6 17 6 17 6 17 6 17 6 17 6 17 6 17 6 17 6 17 6 17 6 17 6 17 6 17 6 17 6 17 6 17 6 17 6 17 6 17 6 17 6 
17 6 17 6 17 6 17 6 17 6 17 6 17 6 17 6 17 6 17 6 17 6 17 6 17 6 17 6 17 6 17 6 17 6 17 6 17 6 17 6 17 6 17 6 17 6 17 6 17 6 17 6 17 6 17 6 17 6 17 6 17 6 17 6 17 6 
17 6 17 6 17 6 17 6 17 6 17 6 17 6 17 6 17 6 17 6 17 6 17 6 17 6 17 6 17 6 17 6 17 6 17 6 17 6 17 6 17 6 17 6 17 6 17 6 17 6 17 6 17 6 17 6 17 6 17 6 17 6 17 6 17 6 
17 6 17 6 17 6 17 6 17 6 17 6 17 6 17 6 17 6 17 6 17 6 17 6 17 6 17 6 17 6 17 6 17 6 17 6 17 6 17 6 17 6 17 6 17 6 17 6 17 6 17 6 17 6 17 6 17 6 17 6 17 6 17 6 17 6 
17 6 17 6 17 6 17 6 17 6 17 6 17 6 17 6 17 6 17 6 17 6 17 6 17 6 17 6 17 6 17 6 17 6 17 6 17 6 17 6 17 6 17 6 17 6 17 6 17 6 17 6 17 6 17 6 17 6 17 6 17 6 17 6 17 6 
17 6 17 6 17 6 17 6 17 6 17 6 17 6 17 6 17 6 17 6 17 6 17 6 17 6 17 6 17 6 17 6 17 6 17 6 17 6 17 6 17 6 17 6 17 6 17 6 17 6 17 6 17 6 17 6 17 6 17 6 17 6 17 6 17 6 
17 6 17 6 17 6 17 6 17 6 17 6 17 6 17 6 17 6 17 6 17 6 17 6 17 6 17 6 17 6 17 6 17 6 17 6 17 6 17 6 17 6 17 6 17 6 17 6 17 6 17 6 17 6 17 6 17 6 17 6 17 6 17 6 17 6 
17 6 17 6 17 6 17 6 17 6 17 6 17 6 17 6 17 6 17 6 17 6 17 6 17 6 17 6 17 6 17 6 17 6 17 6 17 6 17 6 17 6 17 6 17 6 17 6 17 6 17 6 17 6 17 6 17 6 17 6 17 6 17 6 17 6 
17 6 17 6 17 6 17 6 17 6 17 6 17 6 17 6 17 6 17 6 17 6 17 6 17 6 17 6 17 6 17 6 17 6 17 6 17 6 17 6 17 6 17 6 17 6 17 6 17 6 17 6 17 6 17 6 17 6 17 6 17 6 17 6 17 6 
17 6 17 6 17 6 17 6 17 6 17 6 17 6 17 6 17 6 17 6 17 6 17 6 17 6 17 6 17 6 17 6 17 6 17 6 17 6 17 6 17 6 17 6 17 6 17 6 17 6 17 6 17 6 17 6 17 6 17 6 17 6 17 6 17 6 
17 6 17 6 17 6 17 6 17 6 17 6 17 6 17 6 17 6 17 6 17 6 17 6 17 6 17 6 17 6 17 6 17 6 17 6 17 6 17 6 17 6 17 6 17 6 17 6 17 6 17 6 17 6 17 6 17 6 17 6 17 6 17 6 17 6 
17 6 17 6 17 6 17 6 17 6 17 6 17 6 17 6 17 6 17 6 17 6 17 6 17 6 17 6 17 6 17 6 17 6 17 6 17 6 17 6 17 6 17 6 17 6 17 6 17 6 17 6 17 6 17 6 17 6 17 6 17 6 17 6 17 6 
17 6 17 6 17 6 17 6 17 6 17 6 17 6 17 6 17 6 17 6 17 6 17 6 17 6 17 6 17 6 17 6 17 6 17 6 17 6 17 6 17 6 17 6 17 6 17 6 17 6 17 6 17 6 17 6 17 6 17 6 17 6 17 6 17 6 
17 6 17 6 17 6 17 6 17 6 17 6 17 6 17 6 17 6 17 6 17 6 17 6 17 6 17 6 17 6 17 6 17 6 17 6 17 6 17 6 17 6 17 6 17 6 17 6 17 6 17 6 17 6 17 6 17 6 17 6 17 6 17 6 17 6 
17 6 17 6 17 6 17 6 17 6 17 6 17 6 17 6 17 6 17 6 17 6 17 6 17 6 17 6 17 6 17 6 17 6 17 6 17 6 17 6 17 6 17 6 17 6 17 6 17 6 17 6 17 6 17 6 17 6 17 6 17 6 17 6 17 6 
17 6 17 6 17 6 17 6 17 6 17 6 17 6 17 6 17 6 17 6 17 6 17 6 17 6 17 6 17 6 17 6 17 6 17 6 17 6 17 6 17 6 17 6 17 6 17 6 17 6 17 6 17 6 17 6 17 6 17 6 17 6 17 6 17 6 
17 6 17 6 17 6 17 6 17 6 17 6 17 6 17 6 17 6 17 6 17 6 17 6 17 6 17 6 17 6 17 6 17 6 17 6 17 6 17 6 17 6 17 6 17 6 17 6 17 6 17 6 17 6 17 6 17 6 17 6 17 6 17 6 17 6 
17 6 17 6 17 6 17 6 17 6 17 6 17 6 17 6 17 6 17 6 17 6 17 6 17 6 17 6 17 6 17 6 17 6 17 6 17 6 17 6 17 6 17 6 17 6 17 6 17 6 17 6 17 6 17 6 17 6 17 6 17 6 17 6 17 6 
17 6 17 6 17 6 17 6 17 6 17 6 17 6 17 6 17 6 17 6 17 6 17 6 17 6 17 6 17 6 17 6 17 6 17 6 17 6 17 6 17 6 17 6 17 6 17 6 17 6 17 6 17 6 17 6 17 6 17 6 17 6 17 6 17 6 
17 6 17 6 17 6 17 6 17 6 17 6 17 6 17 6 17 6 17 6 17 6 17 6 17 6 17 6 17 6 17 6 17 6 17 6 17 6 17 6 17 6 17 6 17 6 17 6 17 6 17 6 17 6 17 6 17 6 17 6 17 6 17 6 17 6 
17 6 17 6 17 6 17 6 17 6 17 6 17 6 17 6 17 6 17 6 17 6 17 6 17 6 17 6 17 6 17 6 17 6 17 6 17 6 17 6 17 6 17 6 17 6 17 6 17 6 17 6 17 6 17 6 17 6 17 6 17 6 17 6 17 6 
17 6 17 6 17 6 17 6 17 6 17 6 17 6 17 6 17 6 17 6 17 6 17 6 17 6 17 6 17 6 17 6 17 6 17 6 17 6 17 6 17 6 17 6 17 6 17 6 17 6 17 6 17 6 17 6 17 6 17 6 17 6 17 6 17 6 
17 6 17 6 17 6 17 6 17 6 17 6 17 6 17 6 17 6 17 6 17 6 17 6 17 6 17 6 17 6 17 6 17 6 17 6 17 6 17 6 17 6 17 6 17 6 17 6 17 6 17 6 17 6 17 6 17 6 17 6 17 6 17 6 17 6 
17 6 17 6 17 6 17 6 17 6 17 6 17 6 17 6 17 6 17 6 17 6 17 6 17 6 17 6 17 6 17 6 17 6 17 6 17 6 17 6 17 6 17 6 17 6 17 6 17 6 17 6 17 6 17 6 17 6 17 6 17 6 17 6 17 6 
17 6 17 6 17 6 17 6 17 6 17 6 17 6 17 6 17 6 17 6 17 6 17 6 17 6 17 6 17 6 17 6 17 6 17 6 17 6 17 6 17 6 17 6 17 6 17 6 17 6 17 6 17 6 17 6 17 6 17 6 17 6 17 6 17 6 
17 18 
17 18 
28 18 
28 18 
27 17 27 
27 17 27 
28 17 28 
28 17 28 
17 27 18 
17 27 18 
18 13 28 13 21 13 28 13 28 13 28 13 28 13 30 28 13 27 13 18 
18 13 28 13 21 13 28 13 28 13 28 13 28 13 30 28 13 27 13 18 
18 13 28 13 21 13 28 13 28 13 28 13 28 13 30 28 13 27 13 18 
18 13 28 13 21 13 28 13 28 13 28 13 28 13 30 28 13 27 13 18 
18 13 28 13 21 13 28 13 28 13 28 13 28 13 30 28 13 27 13 18 
18 13 28 13 21 13 28 13 28 13 28 13 28 13 30 28 13 27 13 18 
18 13 28 13 21 13 28 13 28 13 28 13 28 13 30 28 13 27 13 18 
18 13 28 13 21 13 28 13 28 13 28 13 28 13 30 28 13 27 13 18 
18 13 28 13 21 13 28 13 28 13 28 13 28 13 30 28 13 27 13 18 
18 13 28 13 21 13 28 13 28 13 28 13 28 13 30 28 13 27 13 18 
18 13 28 13 21 13 28 13 28 13 28 13 28 13 30 28 13 27 13 18 
18 13 28 13 21 13 28 13 28 13 28 13 28 13 30 28 13 27 13 18 
18 13 28 13 21 13 28 13 28 13 28 13 28 13 30 28 13 27 13 18 
18 13 28 13 21 13 28 13 28 13 28 13 28 13 30 28 13 27 13 18 
18 13 28 13 21 13 28 13 28 13 28 13 28 13 30 28 13 27 13 18 
18 13 28 13 21 13 28 13 28 13 28 13 28 13 30 28 13 27 13 18 
18 13 28 13 21 13 28 13 28 13 28 13 28 13 30 28 13 27 13 18 
18 13 28 13 21 13 28 13 28 13 28 13 28 13 30 28 13 27 13 18 
17 27 
17 27 
27 17 27 
27 17 27 
28 17 28 
28 17 28 
28 17 28 
28 17 28 
17 18 
17 18 
28 17 28 27 
28 17 28 27 
13 17 13 
13 17 13 
13 17 13 
13 17 13 
0 17 0 17 0 17 0 18 
0 17 0 17 0 17 0 18 
27 17 27 17 27 17 27 
27 17 27 17 27 17 27 
13 17 13 17 13 
13 17 13 17 13 
27 17 27 17 27 17 27 
27 17 27 17 27 17 27 
27 17 27 28 17 28 
27 17 27 28 17 28 
28 17 28 
28 17 28 
13 17 13 
13 17 13 
17 18 
17 18 
29 17 29 
29 17 29 
17 13 
17 13 
28 18 
28 18 
28 18 
28 18 
28 18 
28 18 
17 29 
17 29 
29 18 
29 18 
29 18 
29 18 
17 18 
17 18 
17 18 
17 18 
17 18 
17 18 
28 30 
28 30 
27 17 27 
27 17 27 
28 17 28 
28 17 28 
13 28 
13 28 
28 17 28 
28 17 28 
13 17 13 18 
13 17 13 18 
29 18 
29 18 
27 18 
27 18 
18 17 18 
18 17 18 
18 17 18 
18 17 18 
13 18 
13 18 
27 17 27 
27 17 27 
16 18 
16 18 
29 18 
29 18 
16 18 
16 18 
29 16 
29 16 
17 18 
17 18 
17 18 
17 18 
17 18 
17 18 
28 17 28 
28 17 28 
28 17 28 
28 17 28 
28 17 28 
28 17 28 
28 27 
28 27 
17 18 
17 18 
13 17 13 
13 17 13 
13 17 13 
13 17 13 
17 29 
17 29 
13 18 
13 18 
29 17 29 
29 17 29 
27 17 27 
27 17 27 
17 13 17 13 
17 13 17 13 
29 18 
29 18 
29 18 
29 18 
29 17 29 
29 17 29 
26 18 
26 18 
13 17 13 
13 17 13 
28 17 28 17 28 17 28 17 28 17 28 
28 17 28 17 28 17 28 17 28 17 28 
3 13 
3 13 
28 17 28 
28 17 28 
17 6 
17 6 
28 17 28 
28 17 28 
28 17 28 17 28 17 28 17 28 17 28 17 28 17 28 29 13 17 13 
28 17 28 17 28 17 28 17 28 17 28 17 28 17 28 29 13 17 13 
27 17 27 17 27 17 27 
27 17 27 17 27 17 27 
28 17 28 17 28 17 28 
28 17 28 17 28 17 28 
28 17 28 
28 17 28 
17 18 
17 18 
13 17 13 17 13 17 13 
13 17 13 17 13 17 13 
28 17 28 
28 17 28 
13 17 13 17 13 
13 17 13 17 13 
28 17 28 
28 17 28 
13 17 13 17 13 17 13 
13 17 13 17 13 17 13 
28 17 28 
28 17 28 
28 17 28 
28 17 28 
28 17 28 
28 17 28 
28 17 28 
28 17 28 
27 17 27 
27 17 27 
27 17 27 
27 17 27 
27 17 27 
27 17 27 
27 17 27 
27 17 27 
27 17 27 
27 17 27 
27 17 27 
27 17 27 
27 17 27 
27 17 27 
17 18 
17 18 
29 28 17 28 13 
29 28 17 28 13 
28 17 28 
28 17 28 
27 17 27 
27 17 27 
27 17 27 
27 17 27 
27 17 27 
27 17 27 
27 17 27 
27 17 27 
27 17 27 
27 17 27 
27 17 27 
27 17 27 
13 17 13 17 13 
13 17 13 17 13 
13 17 13 17 13 17 13 
13 17 13 17 13 17 13 
13 18 
13 18 
13 17 13 
13 17 13 
13 17 13 17 13 17 13 
13 17 13 17 13 17 13 
18 17 18 
18 17 18 
13 17 13 
13 17 13 
29 18 
29 18 
17 18 
17 18 
27 17 27 
27 17 27 
13 17 13 17 13 28 17 28 13 17 13 
13 17 13 17 13 28 17 28 13 17 13 
13 18 
13 18 
13 18 
13 18 
13 17 13 17 13 
13 17 13 17 13 
17 28 17 28 
17 28 17 28 
17 18 
17 18 
29 18 
29 18 
17 18 
17 18 
17 18 
17 18 
27 13 2 
27 13 2 
28 17 28 17 28 17 28 
28 17 28 17 28 17 28 
28 17 28 
28 17 28 
28 17 28 
28 17 28 
17 28 17 28 17 28 
17 28 17 28 17 28 
28 17 28 
28 17 28 
17 18 
17 18 
28 17 28 
28 17 28 
28 17 28 
28 17 28 
17 18 
17 18 
28 17 28 
28 17 28 
17 28 18 
17 28 18 
13 17 13 
13 17 13 
17 28 17 28 17 28 17 13 17 13 
17 28 17 28 17 28 17 13 17 13 
17 28 17 28 17 28 17 13 17 13 
17 28 17 28 17 28 17 13 17 13 
27 17 27 
27 17 27 
13 17 13 17 28 
13 17 13 17 28 
13 17 13 
13 17 13 
13 17 28 13 
13 17 28 13 
27 28 27 28 27 28 27 28 
27 28 27 28 27 28 27 28 
17 18 
17 18 
28 17 28 18 
28 17 28 18 
13 17 13 29 
13 17 13 29 
17 18 
17 18 
13 27 13 18 
13 27 13 18 
13 17 13 
13 17 13 
17 13 
17 13 
17 13 
17 13 
13 17 13 
13 17 13 
13 17 13 
13 17 13 
27 28 
27 28 
27 28 
27 28 
27 28 
27 28 
27 28 
27 28 
13 17 13 
13 17 13 
13 17 13 
13 17 13 
13 17 13 
13 17 13 
0 17 0 
0 17 0 
28 17 28 
28 17 28 
0 17 0 
0 17 0 
13 17 13 17 13 17 13 
13 17 13 17 13 17 13 
27 17 27 17 27 
27 17 27 17 27 
13 18 
13 18 
13 17 13 
13 17 13 
28 17 28 
28 17 28 
17 18 
17 18 
13 17 13 
13 17 13 
13 18 
13 18 
13 17 13 17 13 
13 17 13 17 13 
30 18 
30 18 
13 17 13 
13 17 13 
29 17 29 
29 17 29 
28 17 28 18 
28 17 28 18 
13 17 13 
13 17 13 
27 17 27 17 27 17 27 17 27 17 27 
27 17 27 17 27 17 27 17 27 17 27 
13 18 
13 18 
13 18 
13 18 
13 17 28 13 
13 17 28 13 
13 17 28 13 
13 17 28 13 
24 18 
24 18 
17 18 
17 18 
28 29 
28 29 
29 18 
29 18 
17 18 
17 18 
13 17 13 
13 17 13 
27 17 27 
27 17 27 
13 18 
13 18 
13 17 13 
13 17 13 
13 17 13 17 13 
13 17 13 17 13 
13 17 13 17 13 
13 17 13 17 13 
13 17 13 
13 17 13 
6 28 13 6 13 27 6 
6 28 13 6 13 27 6 
28 27 
28 27 
17 18 
17 18 
25 13 
25 13 
25 13 
25 13 
25 13 
25 13 
25 13 
25 13 
27 17 27 
27 17 27 
13 18 
13 18 
17 18 
17 18 
13 17 13 
13 17 13 
13 17 13 
13 17 13 
13 17 13 
13 17 13 
27 17 27 
27 17 27 
3 18 
3 18 
28 17 28 
28 17 28 
17 2 
17 2 
13 17 13 
13 17 13 
27 28 
27 28 
18 28 
18 28 
13 17 13 17 13 17 13 
13 17 13 17 13 17 13 
13 17 13 
13 17 13 
13 17 13 17 13 
13 17 13 17 13 
13 17 13 
13 17 13 
13 17 13 17 13 
13 17 13 17 13 
28 17 28 
28 17 28 
18 28 
18 28 
17 29 
17 29 
28 17 28 
28 17 28 
28 17 28 
28 17 28 
13 17 13 17 13 17 13 17 13 
13 17 13 17 13 17 13 17 13 
28 18 
28 18 
28 18 
28 18 
27 17 27 
27 17 27 
26 18 
26 18 
13 17 13 17 13 17 13 17 13 
13 17 13 17 13 17 13 17 13 
13 17 13 17 13 17 13 
13 17 13 17 13 17 13 
27 17 27 17 27 17 27 
27 17 27 17 27 17 27 
17 18 
17 18 
17 18 17 18 
17 18 17 18 
17 18 17 18 
17 18 17 18 
29 17 29 
29 17 29 
27 17 27 
27 17 27 
0 17 0 
0 17 0 
28 18 
28 18 
13 17 13 17 13 
13 17 13 17 13 
13 17 13 17 13 17 13 17 13 17 13 
13 17 13 17 13 17 13 17 13 17 13 
24 18 
24 18 
13 17 13 
13 17 13 
13 17 13 17 13 
13 17 13 17 13 
27 18 
27 18 
13 17 13 17 13 
13 17 13 17 13 
27 18 
27 18 
28 17 28 
28 17 28 
28 17 28 
28 17 28 
28 17 28 17 28 17 28 
28 17 28 17 28 17 28 
13 17 13 
13 17 13 
17 27 
17 27 
28 17 28 
28 17 28 
28 17 28 
28 17 28 
28 17 28 
28 17 28 
28 17 28 
28 17 28 
27 17 29 
27 17 29 
28 17 28 18 
28 17 28 18 
28 17 28 18 
28 17 28 18 
17 29 
17 29 
29 17 29 
29 17 29 
17 18 
17 18 
17 18 
17 18 
17 18 
17 18 
28 17 28 
28 17 28 
29 18 
29 18 
13 18 
13 18 
17 27 
17 27 
13 17 13 17 13 17 13 
13 17 13 17 13 17 13 
28 17 28 17 28 17 28 
28 17 28 17 28 17 28 
3 17 3 18 
3 17 3 18 
28 13 2 28 
28 13 2 28 
0 17 0 18 
0 17 0 18 
0 17 0 18 
0 17 0 18 
0 17 0 18 
0 17 0 18 
29 17 29 
29 17 29 
28 17 28 
28 17 28 
28 17 28 
28 17 28 
24 18 
24 18 
28 17 28 17 28 17 28 
28 17 28 17 28 17 28 
13 17 13 17 13 17 13 17 13 17 13 17 13 
13 17 13 17 13 17 13 17 13 17 13 17 13 
28 18 
28 18 
29 18 
29 18 
28 13 
28 13 
17 18 
17 18 
13 28 
13 28 
13 28 13 
13 28 13 
13 28 13 28 
13 28 13 28 
13 28 13 28 
13 28 13 28 
28 17 28 
28 17 28 
0 18 
0 18 
0 18 
0 18 
29 18 
29 18 
17 29 
17 29 
17 28 
17 28 
28 17 28 
28 17 28 
13 17 13 
13 17 13 
29 18 
29 18 
29 18 
29 18 
13 27 13 
13 27 13 
29 13 
29 13 
3 17 
3 17 
13 18 
13 18 
29 17 18 
29 17 18 
18 17 18 
18 17 18 
17 18 
17 18 
13 17 13 17 13 17 13 
13 17 13 17 13 17 13 
27 17 27 17 27 17 27 
27 17 27 17 27 17 27 
17 27 17 27 
17 27 17 27 
17 27 17 27 
17 27 17 27 
18 17 18 17 28 
18 17 18 17 28 
13 17 13 17 13 17 13 
13 17 13 17 13 17 13 
28 17 28 
28 17 28 
13 17 13 17 13 
13 17 13 17 13 
28 17 28 17 28 17 28 
28 17 28 17 28 17 28 
27 17 27 17 27 17 27 17 27 17 27 
27 17 27 17 27 17 27 17 27 17 27 
28 18 17 18 28 17 18 28 
28 18 17 18 28 17 18 28 
17 18 28 
17 18 28 
13 17 13 17 13 
13 17 13 17 13 
28 17 28 
28 17 28 
17 18 
17 18 
13 17 13 17 13 
13 17 13 17 13 
13 17 13 
13 17 13 
17 18 
17 18 
17 18 
17 18 
13 17 13 
13 17 13 
17 29 
17 29 
9 18 
9 18 
13 17 13 
13 17 13 
13 17 13 
13 17 13 
17 29 
17 29 
13 17 13 
13 17 13 
31 18 
31 18 
13 17 13 
13 17 13 
13 17 13 17 13 17 13 17 13 17 13 
13 17 13 17 13 17 13 17 13 17 13 
13 28 13 2 13 2 13 
13 28 13 2 13 2 13 
29 18 
29 18 
17 18 3 18 
17 18 3 18 
13 18 
13 18 
13 17 13 
13 17 13 
13 18 
13 18 
27 17 27 
27 17 27 
17 18 
17 18 
17 18 
17 18 
6 17 6 
6 17 6 
28 17 28 17 28 17 28 
28 17 28 17 28 17 28 
28 17 28 
28 17 28 
28 17 28 17 28 17 28 
28 17 28 17 28 17 28 
27 17 27 17 27 17 27 
27 17 27 17 27 17 27 
13 17 13 17 13 17 13 17 13 17 13 
13 17 13 17 13 17 13 17 13 17 13 
13 18 
13 18 
29 18 
29 18 
17 18 
17 18 
13 17 13 17 13 17 13 17 13 17 13 17 13 17 13 
13 17 13 17 13 17 13 17 13 17 13 17 13 17 13 
28 17 28 
28 17 28 
28 17 28 17 28 17 28 17 28 17 28 
28 17 28 17 28 17 28 17 28 17 28 
29 17 29 
29 17 29 
13 17 13 
13 17 13 
28 17 28 13 
28 17 28 13 
13 17 13 17 13 17 13 
13 17 13 17 13 17 13 
17 28 18 
17 28 18 
28 17 28 
28 17 28 
17 2 
17 2 
17 2 
17 2 
28 17 28 17 28 17 28 
28 17 28 17 28 17 28 
17 2 
17 2 
17 2 
17 2 
17 2 
17 2 
17 2 
17 2 
17 18 
17 18 
17 18 
17 18 
17 28 17 28 
17 28 17 28 
28 17 28 
28 17 28 
30 18 
30 18 
29 18 
29 18 
13 28 13 28 13 
13 28 13 28 13 
28 27 
28 27 
28 27 
28 27 
27 17 27 17 27 17 27 
27 17 27 17 27 17 27 
27 17 27 
27 17 27 
13 17 13 
13 17 13 
13 27 
13 27 
13 27 
13 27 
17 29 
17 29 
29 21 
29 21 
29 21 
29 21 
27 17 27 18 
27 17 27 18 
17 29 
17 29 
28 18 
28 18 
28 18 
28 18 
28 18 
28 18 
17 26 18 
17 26 18 
13 17 13 29 17 29 16 17 16 
13 17 13 29 17 29 16 17 16 
16 18 
16 18 
13 17 13 
13 17 13 
17 26 18 
17 26 18 
0 17 0 17 0 17 0 
0 17 0 17 0 17 0 
13 17 13 
13 17 13 
27 17 27 17 27 17 27 17 27 17 27 
27 17 27 17 27 17 27 17 27 17 27 
13 17 13 
13 17 13 
13 17 13 
13 17 13 
27 17 27 17 27 17 27 17 27 17 27 
27 17 27 17 27 17 27 17 27 17 27 
13 17 13 
13 17 13 
13 17 13 17 13 
13 17 13 17 13 
13 17 13 
13 17 13 
27 17 27 17 27 17 27 17 27 17 27 
27 17 27 17 27 17 27 17 27 17 27 
27 17 27 17 27 17 27 17 27 17 27 
27 17 27 17 27 17 27 17 27 17 27 
27 17 27 17 27 17 27 17 27 17 27 
27 17 27 17 27 17 27 17 27 17 27 
27 17 27 17 27 17 27 17 27 17 27 
27 17 27 17 27 17 27 17 27 17 27 
27 17 27 17 27 17 27 
27 17 27 17 27 17 27 
27 17 27 17 27 17 27 17 27 17 27 
27 17 27 17 27 17 27 17 27 17 27 
27 17 27 17 27 17 27 17 27 17 27 
27 17 27 17 27 17 27 17 27 17 27 
18 16 
18 16 
27 17 27 17 27 17 27 17 27 17 27 
27 17 27 17 27 17 27 17 27 17 27 
27 17 27 
27 17 27 
27 17 27 
27 17 27 
28 17 28 
28 17 28 
17 28 
17 28 
3 28 
3 28 
28 17 28 
28 17 28 
3 28 
3 28 
17 18 17 18 
17 18 17 18 
17 18 17 18 
17 18 17 18 
13 17 13 
13 17 13 
13 17 13 
13 17 13 
29 18 
29 18 
18 13 17 13 18 
18 13 17 13 18 
0 17 0 
0 17 0 
30 18 
30 18 
27 17 27 17 27 17 27 
27 17 27 17 27 17 27 
13 17 13 
13 17 13 
28 17 28 
28 17 28 
28 17 28 
28 17 28 
28 17 28 
28 17 28 
28 17 28 
28 17 28 
17 29 
17 29 
17 18 
17 18 
17 18 
17 18 
17 18 
17 18 
17 18 
17 18 
17 18 
17 18 
17 18 17 18 
17 18 17 18 
17 18 17 18 
17 18 17 18 
17 18 17 18 
17 18 17 18 
17 18 17 18 
17 18 17 18 
17 18 17 18 
17 18 17 18 
13 17 13 
13 17 13 
13 17 13 
13 17 13 
27 17 27 
27 17 27 
27 17 27 
27 17 27 
28 17 28 
28 17 28 
13 27 13 27 18 
13 27 13 27 18 
13 27 13 27 18 
13 27 13 27 18 
13 17 13 18 
13 17 13 18 
13 17 13 18 
13 17 13 18 
27 17 27 
27 17 27 
27 13 
27 13 
27 13 
27 13 
28 17 28 
28 17 28 
17 18 
17 18 
29 18 
29 18 
18 17 18 
18 17 18 
18 17 18 
18 17 18 
27 13 
27 13 
27 13 
27 13 
18 17 18 
18 17 18 
18 17 18 
18 17 18 
27 17 27 
27 17 27 
29 17 29 
29 17 29 
27 17 27 
27 17 27 
13 17 13 28 17 28 
13 17 13 28 17 28 
17 24 18 
17 24 18 
17 24 18 
17 24 18 
17 18 
17 18 
27 17 27 
27 17 27 
27 17 27 
27 17 27 
13 17 13 17 13 17 13 18 
13 17 13 17 13 17 13 18 
13 17 13 17 13 17 13 18 
13 17 13 17 13 17 13 18 
28 18 
28 18 
17 18 
17 18 
27 17 27 13 17 13 
27 17 27 13 17 13 
13 18 
13 18 
28 13 
28 13 
17 18 
17 18 
13 16 
13 16 
28 17 28 
28 17 28 
13 18 
13 18 
13 17 13 
13 17 13 
16 29 
16 29 
29 17 29 
29 17 29 
17 18 
17 18 
17 18 
17 18 
17 18 
17 18 
17 18 
17 18 
27 17 27 
27 17 27 
13 17 13 18 
13 17 13 18 
28 17 28 
28 17 28 
27 17 27 13 27 17 27 
27 17 27 13 27 17 27 
13 17 13 17 13 18 
13 17 13 17 13 18 
17 16 
17 16 
13 17 13 28 17 28 
13 17 13 28 17 28 
13 17 13 28 17 28 
13 17 13 28 17 28 
17 28 13 28 
17 28 13 28 
28 17 28 
28 17 28 
13 17 13 17 28 13 17 28 
13 17 13 17 28 13 17 28 
13 17 28 17 28 
13 17 28 17 28 
17 28 
17 28 
17 28 
17 28 
17 28 
17 28 
17 28 
17 28 
17 28 
17 28 
13 18 
13 18 
13 17 13 17 13 
13 17 13 17 13 
13 28 18 
13 28 18 
0 17 0 
0 17 0 
28 17 28 17 28 17 28 17 28 17 28 
28 17 28 17 28 17 28 17 28 17 28 
28 17 28 
28 17 28 
13 17 13 
13 17 13 
18 27 17 27 
18 27 17 27 
13 17 13 17 13 17 13 17 13 
13 17 13 17 13 17 13 17 13 
17 29 
17 29 
13 17 13 17 13 17 13 17 13 
13 17 13 17 13 17 13 17 13 
29 17 29 
29 17 29 
13 17 13 17 13 17 13 17 13 
13 17 13 17 13 17 13 17 13 
13 17 13 
13 17 13 
13 17 13 17 13 17 13 17 13 
13 17 13 17 13 17 13 17 13 
0 17 0 
0 17 0 
28 17 28 
28 17 28 
28 17 28 17 28 
28 17 28 17 28 
28 13 18 
28 13 18 
27 17 27 
27 17 27 
28 17 28 17 28 17 28 
28 17 28 17 28 17 28 
28 17 28 17 28 17 28 
28 17 28 17 28 17 28 
28 17 28 17 28 17 28 17 28 17 28 
28 17 28 17 28 17 28 17 28 17 28 
29 17 29 
29 17 29 
13 17 13 
13 17 13 
28 18 
28 18 
20 17 18 
20 17 18 
13 18 
13 18 
13 17 13 17 13 17 13 
13 17 13 17 13 17 13 
29 17 29 
29 17 29 
29 17 29 
29 17 29 
28 17 28 18 
28 17 28 18 
0 18 
0 18 
13 17 13 
13 17 13 
13 17 13 
13 17 13 
13 17 13 
13 17 13 
13 18 
13 18 
13 17 13 17 13 17 13 
13 17 13 17 13 17 13 
29 18 
29 18 
29 18 
29 18 
0 18 
0 18 
0 18 
0 18 
17 13 17 13 17 13 
17 13 17 13 17 13 
28 13 17 13 
28 13 17 13 
29 17 29 
29 17 29 
13 17 28 
13 17 28 
13 17 28 
13 17 28 
17 18 
17 18 
27 17 27 
27 17 27 
3 18 
3 18 
0 17 0 
0 17 0 
29 17 29 
29 17 29 
13 27 18 
13 27 18 
13 17 13 17 13 18 
13 17 13 17 13 18 
13 18 
13 18 
13 17 13 17 13 
13 17 13 17 13 
13 17 13 17 13 
13 17 13 17 13 
28 18 
28 18 
28 18 
28 18 
28 18 
28 18 
28 17 28 
28 17 28 
28 17 28 17 28 17 28 17 28 17 28 
28 17 28 17 28 17 28 17 28 17 28 
13 17 13 17 13 
13 17 13 17 13 
29 17 29 
29 17 29 
13 17 13 17 13 17 13 
13 17 13 17 13 17 13 
29 18 
29 18 
26 18 
26 18 
17 28 18 
17 28 18 
28 29 
28 29 
0 18 
0 18 
0 18 
0 18 
29 18 
29 18 
0 17 0 
0 17 0 
0 17 0 
0 17 0 
17 18 
17 18 
17 18 
17 18 
17 28 30 18 
17 28 30 18 
13 17 13 
13 17 13 
28 18 
28 18 
27 17 27 
27 17 27 
13 18 
13 18 
18 17 18 
18 17 18 
17 18 
17 18 
28 17 28 
28 17 28 
13 17 13 
13 17 13 
17 18 
17 18 
28 17 28 
28 17 28 
28 17 28 
28 17 28 
28 17 28 
28 17 28 
28 17 28 
28 17 28 
28 17 28 
28 17 28 
27 17 27 17 27 17 27 
27 17 27 17 27 17 27 
28 18 
28 18 
28 18 
28 18 
28 18 
28 18 
17 18 
17 18 
13 18 
13 18 
6 18 
6 18 
13 27 
13 27 
28 18 
28 18 
28 17 28 17 28 17 28 
28 17 28 17 28 17 28 
28 18 
28 18 
28 18 
28 18 
17 18 
17 18 
13 17 13 17 13 18 
13 17 13 17 13 18 
13 17 13 17 13 18 
13 17 13 17 13 18 
13 17 13 
13 17 13 
13 17 13 
13 17 13 
13 27 
13 27 
17 18 
17 18 
13 17 13 
13 17 13 
13 17 13 
13 17 13 
13 17 13 
13 17 13 
13 17 13 17 13 
13 17 13 17 13 
13 17 13 
13 17 13 
17 18 
17 18 
13 17 13 
13 17 13 
28 17 28 17 28 17 28 17 28 17 28 
28 17 28 17 28 17 28 17 28 17 28 
13 27 
13 27 
29 18 
29 18 
13 17 13 
13 17 13 
17 13 
17 13 
26 18 12 18 
26 18 12 18 
17 29 18 
17 29 18 
13 29 13 
13 29 13 
13 27 
13 27 
0 18 
0 18 
0 18 
0 18 
0 18 
0 18 
0 18 
0 18 
28 17 28 
28 17 28 
0 18 
0 18 
18 16 
18 16 
0 18 
0 18 
0 18 
0 18 
28 17 28 
28 17 28 
13 29 18 
13 29 18 
29 18 
29 18 
29 18 
29 18 
28 17 28 
28 17 28 
16 18 
16 18 
28 17 28 
28 17 28 
27 17 27 
27 17 27 
27 17 27 
27 17 27 
17 18 
17 18 
0 17 0 
0 17 0 
27 17 27 
27 17 27 
27 17 27 
27 17 27 
27 17 27 
27 17 27 
13 27 6 13 28 13 6 28 6 
13 27 6 13 28 13 6 28 6 
17 0 18 
17 0 18 
29 17 29 
29 17 29 
29 17 29 
29 17 29 
29 17 29 
29 17 29 
27 17 27 
27 17 27 
13 28 
13 28 
13 17 13 17 13 18 
13 17 13 17 13 18 
17 18 
17 18 
13 17 13 
13 17 13 
17 18 
17 18 
17 18 
17 18 
29 17 29 
29 17 29 
13 18 
13 18 
13 18 
13 18 
27 17 27 
27 17 27 
13 18 
13 18 
13 17 13 17 13 17 13 
13 17 13 17 13 17 13 
13 17 13 17 13 17 13 
13 17 13 17 13 17 13 
13 17 13 17 13 17 13 
13 17 13 17 13 17 13 
27 18 
27 18 
27 18 
27 18 
29 17 29 18 
29 17 29 18 
28 17 28 
28 17 28 
28 17 28 
28 17 28 
28 17 28 
28 17 28 
13 17 13 17 13 17 13 18 
13 17 13 17 13 17 13 18 
28 17 28 
28 17 28 
28 18 
28 18 
18 29 18 
18 29 18 
29 17 
29 17 
18 17 18 
18 17 18 
17 18 
17 18 
27 13 28 27 28 
27 13 28 27 28 
28 17 28 
28 17 28 
13 17 13 17 13 17 13 17 13 17 13 17 13 
13 17 13 17 13 17 13 17 13 17 13 17 13 
6 18 
6 18 
28 17 28 18 
28 17 28 18 
6 18 
6 18 
13 18 
13 18 
13 17 13 
13 17 13 
18 29 18 
18 29 18 
13 17 13 
13 17 13 
28 17 28 
28 17 28 
28 17 28 
28 17 28 
17 29 
17 29 
28 17 28 
28 17 28 
28 17 28 
28 17 28 
28 17 28 
28 17 28 
29 18 
29 18 
0 17 0 18 
0 17 0 18 
28 17 28 
28 17 28 
13 17 13 17 13 
13 17 13 17 13 
17 13 
17 13 
17 13 18 
17 13 18 
13 17 13 
13 17 13 
18 29 
18 29 
13 17 13 
13 17 13 
28 17 28 17 28 
28 17 28 17 28 
27 28 
27 28 
29 28 
29 28 
6 17 6 
6 17 6 
6 17 6 
6 17 6 
6 17 6 
6 17 6 
29 18 
29 18 
28 17 28 
28 17 28 
28 17 28 
28 17 28 
13 17 13 
13 17 13 
27 17 27 
27 17 27 
27 17 27 
27 17 27 
13 17 13 17 13 
13 17 13 17 13 
0 17 0 17 0 
0 17 0 17 0 
28 17 28 
28 17 28 
6 17 6 
6 17 6 
17 27 
17 27 
28 17 28 
28 17 28 
13 17 13 
13 17 13 
27 28 
27 28 
28 17 28 
28 17 28 
28 17 28 
28 17 28 
13 17 13 17 13 
13 17 13 17 13 
13 18 
13 18 
17 29 
17 29 
17 13 
17 13 
13 17 13 17 13 
13 17 13 17 13 
13 18 
13 18 
13 18 
13 18 
27 17 27 17 27 17 27 17 27 17 27 
27 17 27 17 27 17 27 17 27 17 27 
17 18 
17 18 
17 18 
17 18 
18 17 
18 17 
17 18 
17 18 
16 18 
16 18 
27 17 27 
27 17 27 
28 18 
28 18 
18 17 18 
18 17 18 
27 17 27 
27 17 27 
17 18 
17 18 
13 17 28 
13 17 28 
13 17 28 
13 17 28 
28 17 28 
28 17 28 
13 17 13 
13 17 13 
13 18 
13 18 
17 29 
17 29 
28 17 28 
28 17 28 
17 18 
17 18 
28 17 28 17 28 17 28 
28 17 28 17 28 17 28 
13 17 13 
13 17 13 
27 18 
27 18 
27 18 
27 18 
27 17 27 
27 17 27 
17 18 
17 18 
17 18 
17 18 
13 18 
13 18 
28 18 
28 18 
28 18 
28 18 
28 18 
28 18 
28 18 
28 18 
28 17 28 
28 17 28 
16 18 
16 18 
28 17 28 
28 17 28 
28 17 28 
28 17 28 
13 17 13 
13 17 13 
13 17 13 
13 17 13 
27 18 
27 18 
27 18 
27 18 
13 17 13 
13 17 13 
28 17 28 
28 17 28 
16 18 
16 18 
13 17 13 
13 17 13 
27 17 27 
27 17 27 
13 17 13 17 13 17 13 
13 17 13 17 13 17 13 
13 17 13 17 13 17 13 
13 17 13 17 13 17 13 
13 17 13 17 13 17 13 
13 17 13 17 13 17 13 
30 18 
30 18 
30 18 
30 18 
30 18 
30 18 
30 18 
30 18 
30 18 
30 18 
13 17 13 17 13 17 13 17 13 17 13 17 13 
13 17 13 17 13 17 13 17 13 17 13 17 13 
29 17 29 18 
29 17 29 18 
13 17 13 
13 17 13 
13 17 13 17 13 
13 17 13 17 13 
13 17 13 
13 17 13 
13 17 13 
13 17 13 
13 17 13 
13 17 13 
13 17 13 
13 17 13 
27 17 27 
27 17 27 
27 17 27 
27 17 27 
13 17 13 
13 17 13 
29 18 
29 18 
13 17 13 17 13 17 13 17 13 17 13 
13 17 13 17 13 17 13 17 13 17 13 
27 17 27 17 27 17 27 17 27 17 27 
27 17 27 17 27 17 27 17 27 17 27 
17 13 
17 13 
17 28 
17 28 
28 17 28 
28 17 28 
13 17 13 
13 17 13 
28 17 28 17 28 17 28 
28 17 28 17 28 17 28 
28 17 28 
28 17 28 
28 17 28 
28 17 28 
28 17 28 17 28 17 28 17 28 17 28 
28 17 28 17 28 17 28 17 28 17 28 
13 28 
13 28 
13 28 
13 28 
13 18 
13 18 
13 28 
13 28 
17 28 
17 28 
27 17 27 
27 17 27 
29 17 29 
29 17 29 
29 17 29 
29 17 29 
17 18 26 
17 18 26 
27 17 27 
27 17 27 
29 18 
29 18 
27 28 
27 28 
13 17 13 
13 17 13 
28 17 28 18 
28 17 28 18 
13 28 13 28 
13 28 13 28 
13 17 13 17 13 17 13 
13 17 13 17 13 17 13 
27 17 27 17 27 17 27 
27 17 27 17 27 17 27 
13 17 13 17 13 17 13 
13 17 13 17 13 17 13 
17 29 
17 29 
29 17 16 
29 17 16 
28 17 28 
28 17 28 
17 18 
17 18 
13 17 13 28 17 28 
13 17 13 28 17 28 
28 17 28 
28 17 28 
28 17 28 13 17 13 
28 17 28 13 17 13 
29 18 
29 18 
28 17 28 17 28 17 28 
28 17 28 17 28 17 28 
13 17 13 17 13 17 13 17 13 17 13 
13 17 13 17 13 17 13 17 13 17 13 
13 17 13 17 13 17 13 17 13 17 13 
13 17 13 17 13 17 13 17 13 17 13 
17 28 
17 28 
17 28 
17 28 
13 17 13 
13 17 13 
20 17 18 
20 17 18 
29 17 
29 17 
2 17 2 
2 17 2 
17 18 
17 18 
13 17 13 17 13 17 13 17 13 
13 17 13 17 13 17 13 17 13 
28 17 28 18 
28 17 28 18 
13 18 
13 18 
28 17 28 
28 17 28 
13 17 13 
13 17 13 
13 18 
13 18 
27 28 29 28 
27 28 29 28 
17 29 
17 29 
0 17 0 
0 17 0 
29 17 29 
29 17 29 
28 17 28 
28 17 28 
28 17 28 
28 17 28 
27 18 
27 18 
28 17 28 17 28 17 28 
28 17 28 17 28 17 28 
27 17 27 
27 17 27 
13 17 13 17 13 17 13 
13 17 13 17 13 17 13 
13 29 18 
13 29 18 
13 17 13 17 13 17 13 
13 17 13 17 13 17 13 
17 13 17 13 18 
17 13 17 13 18 
29 16 
29 16 
13 17 13 17 13 17 13 
13 17 13 17 13 17 13 
28 17 28 
28 17 28 
27 17 27 17 27 
27 17 27 17 27 
13 17 13 17 13 17 13 
13 17 13 17 13 17 13 
6 17 6 13 27 28 13 27 13 27 13 
6 17 6 13 27 28 13 27 13 27 13 
28 17 28 
28 17 28 
30 29 
30 29 
28 17 28 
28 17 28 
27 17 27 
27 17 27 
6 17 6 
6 17 6 
7 28 
7 28 
13 27 13 
13 27 13 
13 17 13 17 13 17 13 17 13 17 13 17 13 17 13 17 13 
13 17 13 17 13 17 13 17 13 17 13 17 13 17 13 17 13 
6 17 6 
6 17 6 
28 17 28 
28 17 28 
27 17 27 18 
27 17 27 18 
27 17 27 18 
27 17 27 18 
17 18 
17 18 
13 17 13 17 13 
13 17 13 17 13 
13 17 13 17 13 17 13 17 13 17 13 17 13 
13 17 13 17 13 17 13 17 13 17 13 17 13 
27 17 27 18 
27 17 27 18 
27 17 27 18 
27 17 27 18 
13 17 13 
13 17 13 
27 13 
27 13 
13 17 13 
13 17 13 
13 17 13 17 13 17 13 
13 17 13 17 13 17 13 
25 18 
25 18 
25 18 
25 18 
25 18 
25 18 
3 18 
3 18 
13 17 13 
13 17 13 
13 28 
13 28 
28 17 28 17 28 
28 17 28 17 28 
13 28 
13 28 
13 17 13 17 13 17 13 17 13 
13 17 13 17 13 17 13 17 13 
13 17 13 17 13 17 13 17 13 
13 17 13 17 13 17 13 17 13 
13 17 13 17 13 
13 17 13 17 13 
13 17 13 17 13 17 13 17 13 
13 17 13 17 13 17 13 17 13 
28 17 28 
28 17 28 
27 17 27 
27 17 27 
27 17 27 
27 17 27 
13 27 
13 27 
29 17 29 
29 17 29 
28 17 28 
28 17 28 
18 17 18 
18 17 18 
6 18 
6 18 
6 18 
6 18 
24 18 
24 18 
27 17 27 
27 17 27 
6 18 
6 18 
13 17 13 17 13 17 13 17 13 17 13 
13 17 13 17 13 17 13 17 13 17 13 
13 17 13 17 13 17 13 17 13 17 13 17 13 
13 17 13 17 13 17 13 17 13 17 13 17 13 
13 18 
13 18 
29 17 
29 17 
13 17 13 17 13 17 13 
13 17 13 17 13 17 13 
13 17 13 17 13 17 13 
13 17 13 17 13 17 13 
13 17 13 
13 17 13 
13 17 13 
13 17 13 
13 17 13 
13 17 13 
17 18 
17 18 
28 17 28 
28 17 28 
29 6 17 6 
29 6 17 6 
28 17 28 
28 17 28 
27 28 
27 28 
17 18 
17 18 
17 18 
17 18 
17 18 
17 18 
28 27 
28 27 
13 17 13 
13 17 13 
28 27 
28 27 
17 18 
17 18 
26 18 
26 18 
28 17 28 
28 17 28 
28 17 28 
28 17 28 
2 18 
2 18 
28 17 28 
28 17 28 
13 17 13 
13 17 13 
17 13 
17 13 
13 17 13 
13 17 13 
13 17 13 
13 17 13 
13 17 13 
13 17 13 
16 25 18 
16 25 18 
17 18 
17 18 
28 17 28 
28 17 28 
28 18 
28 18 
28 18 
28 18 
28 18 
28 18 
13 17 13 
13 17 13 
13 17 13 
13 17 13 
13 17 13 
13 17 13 
13 17 13 
13 17 13 
28 17 28 18 
28 17 28 18 
28 18 
28 18 
28 18 
28 18 
30 18 
30 18 
29 17 29 
29 17 29 
13 17 13 
13 17 13 
18 28 
18 28 
28 18 28 
28 18 28 
24 18 
24 18 
17 28 18 
17 28 18 
28 18 28 
28 18 28 
17 13 
17 13 
27 18 
27 18 
3 18 
3 18 
28 18 
28 18 
28 18 
28 18 
13 17 13 17 13 17 13 
13 17 13 17 13 17 13 
28 18 
28 18 
17 28 
17 28 
29 18 
29 18 
13 17 13 18 
13 17 13 18 
28 17 28 27 13 
28 17 28 27 13 
13 17 13 
13 17 13 
28 17 28 17 29 
28 17 28 17 29 
13 2 13 27 2 13 2 13 
13 2 13 27 2 13 2 13 
28 17 28 
28 17 28 
13 17 13 
13 17 13 
27 17 27 
27 17 27 
27 17 27 
27 17 27 
27 17 27 
27 17 27 
17 28 17 28 
17 28 17 28 
17 28 17 28 18 17 18 
17 28 17 28 18 17 18 
27 28 27 
27 28 27 
27 28 27 
27 28 27 
27 28 27 
27 28 27 
27 28 27 
27 28 27 
28 17 28 
28 17 28 
28 17 28 
28 17 28 
28 17 28 
28 17 28 
28 18 
28 18 
28 18 
28 18 
28 17 29 17 28 
28 17 29 17 28 
29 18 
29 18 
13 18 
13 18 
13 18 
13 18 
13 18 
13 18 
29 18 
29 18 
17 18 
17 18 
13 17 13 
13 17 13 
27 17 27 
27 17 27 
28 17 28 
28 17 28 
6 17 6 17 6 17 6 
6 17 6 17 6 17 6 
28 27 28 13 
28 27 28 13 
6 17 6 17 6 17 6 
6 17 6 17 6 17 6 
17 29 
17 29 
17 18 
17 18 
17 18 
17 18 
13 17 13 
13 17 13 
17 18 
17 18 
17 18 
17 18 
6 17 6 17 6 17 6 
6 17 6 17 6 17 6 
6 17 6 17 6 17 6 
6 17 6 17 6 17 6 
6 17 6 
6 17 6 
13 17 13 17 13 17 13 
13 17 13 17 13 17 13 
6 17 6 
6 17 6 
6 17 6 
6 17 6 
17 18 
17 18 
17 0 
17 0 
28 17 28 
28 17 28 
28 17 28 
28 17 28 
13 17 13 17 13 
13 17 13 17 13 
28 18 
28 18 
28 17 28 
28 17 28 
27 17 27 17 27 17 27 17 27 17 27 
27 17 27 17 27 17 27 17 27 17 27 
6 17 6 17 6 17 6 
6 17 6 17 6 17 6 
13 17 13 
13 17 13 
13 17 13 
13 17 13 
29 17 29 
29 17 29 
29 18 
29 18 
28 17 28 
28 17 28 
27 17 27 17 27 17 27 
27 17 27 17 27 17 27 
28 18 
28 18 
13 18 
13 18 
13 28 
13 28 
28 18 
28 18 
28 17 18 
28 17 18 
28 17 28 
28 17 28 
28 13 
28 13 
28 13 
28 13 
29 17 
29 17 
28 17 28 
28 17 28 
28 17 28 17 28 
28 17 28 17 28 
0 18 
0 18 
1 18 
1 18 
28 17 28 17 28 17 28 17 28 17 28 
28 17 28 17 28 17 28 17 28 17 28 
28 17 28 
28 17 28 
13 17 13 
13 17 13 
28 17 28 
28 17 28 
28 17 28 
28 17 28 
13 17 13 
13 17 13 
27 17 27 17 27 17 27 17 27 17 27 
27 17 27 17 27 17 27 17 27 17 27 
13 17 13 
13 17 13 
28 17 28 
28 17 28 
28 17 28 
28 17 28 
28 17 28 
28 17 28 
17 13 
17 13 
28 17 28 
28 17 28 
18 17 18 
18 17 18 
17 27 
17 27 
13 17 13 17 13 
13 17 13 17 13 
28 16 
28 16 
13 17 13 
13 17 13 
3 18 
3 18 
28 17 28 
28 17 28 
17 18 
17 18 
17 18 
17 18 
29 17 29 
29 17 29 
28 17 28 
28 17 28 
28 17 28 
28 17 28 
13 17 13 
13 17 13 
0 18 
0 18 
18 17 18 
18 17 18 
17 28 18 
17 28 18 
29 18 
29 18 
13 28 
13 28 
28 17 28 
28 17 28 
28 17 28 
28 17 28 
9 31 
9 31 
29 18 
29 18 
13 17 13 
13 17 13 
13 17 13 
13 17 13 
13 17 13 
13 17 13 
27 13 
27 13 
13 17 13 
13 17 13 
13 17 13 17 13 17 13 17 13 17 13 17 13 
13 17 13 17 13 17 13 17 13 17 13 17 13 
3 25 
3 25 
13 27 
13 27 
3 25 
3 25 
28 17 28 
28 17 28 
13 17 13 17 13 
13 17 13 17 13 
28 18 
28 18 
28 18 
28 18 
28 18 
28 18 
28 18 
28 18 
28 17 28 
28 17 28 
27 13 27 13 28 27 13 28 23 
27 13 27 13 28 27 13 28 23 
13 17 13 
13 17 13 
13 17 13 
13 17 13 
27 13 27 13 28 27 28 23 27 
27 13 27 13 28 27 28 23 27 
28 27 
28 27 
28 27 
28 27 
28 27 
28 27 
13 17 13 17 13 17 13 
13 17 13 17 13 17 13 
28 27 
28 27 
17 28 17 28 17 28 17 28 17 28 17 28 17 28 
17 28 17 28 17 28 17 28 17 28 17 28 17 28 
27 17 27 
27 17 27 
27 17 27 
27 17 27 
13 17 13 
13 17 13 
27 17 27 
27 17 27 
28 17 28 
28 17 28 
27 17 27 
27 17 27 
29 18 
29 18 
13 17 13 17 13 
13 17 13 17 13 
13 17 13 
13 17 13 
28 17 28 
28 17 28 
13 17 13 
13 17 13 
3 18 
3 18 
13 17 13 
13 17 13 
28 17 28 
28 17 28 
29 17 29 
29 17 29 
17 18 
17 18 
18 17 18 
18 17 18 
17 0 18 
17 0 18 
18 27 
18 27 
28 17 28 
28 17 28 
29 18 
29 18 
3 25 
3 25 
28 17 28 
28 17 28 
28 18 
28 18 
27 17 27 
27 17 27 
28 17 28 
28 17 28 
28 17 28 
28 17 28 
17 18 
17 18 
13 17 13 17 13 17 13 18 
13 17 13 17 13 17 13 18 
17 29 17 13 
17 29 17 13 
17 18 
17 18 
17 18 
17 18 
17 18 
17 18 
17 18 
17 18 
17 18 
17 18 
28 17 28 17 28 17 28 
28 17 28 17 28 17 28 
17 18 
17 18 
17 18 
17 18 
27 17 27 
27 17 27 
0 17 0 
0 17 0 
27 17 27 
27 17 27 
27 17 27 
27 17 27 
28 17 28 17 28 17 28 
28 17 28 17 28 17 28 
28 17 28 
28 17 28 
27 17 27 
27 17 27 
13 17 13 
13 17 13 
28 17 28 
28 17 28 
16 29 18 
16 29 18 
29 16 
29 16 
29 17 29 
29 17 29 
28 17 28 
28 17 28 
28 17 28 
28 17 28 
29 18 
29 18 
13 17 13 
13 17 13 
28 17 28 
28 17 28 
28 17 28 
28 17 28 
28 17 28 
28 17 28 
28 17 28 
28 17 28 
13 17 13 
13 17 13 
13 17 13 
13 17 13 
17 13 
17 13 
29 17 29 
29 17 29 
13 17 13 
13 17 13 
13 17 13 
13 17 13 
13 17 13 
13 17 13 
13 18 
13 18 
28 17 28 
28 17 28 
28 13 27 13 28 
28 13 27 13 28 
13 17 13 17 13 27 17 27 
13 17 13 17 13 27 17 27 
28 17 28 27 17 27 
28 17 28 27 17 27 
28 17 28 
28 17 28 
13 17 13 17 13 17 13 
13 17 13 17 13 17 13 
28 17 28 
28 17 28 
13 17 13 17 13 17 13 
13 17 13 17 13 17 13 
27 17 27 18 
27 17 27 18 
29 17 29 
29 17 29 
28 17 28 18 
28 17 28 18 
17 3 18 
17 3 18 
17 3 18 
17 3 18 
27 16 3 13 29 13 27 18 
27 16 3 13 29 13 27 18 
28 17 28 17 28 17 28 
28 17 28 17 28 17 28 
13 17 13 
13 17 13 
17 13 
17 13 
13 17 13 
13 17 13 
28 17 28 
28 17 28 
13 17 13 
13 17 13 
13 17 13 
13 17 13 
13 18 
13 18 
13 17 13 
13 17 13 
28 17 28 
28 17 28 
27 17 27 17 27 17 27 
27 17 27 17 27 17 27 
13 17 13 
13 17 13 
24 17 
24 17 
27 17 27 
27 17 27 
28 17 28 17 28 17 28 
28 17 28 17 28 17 28 
28 17 28 
28 17 28 
27 17 27 
27 17 27 
17 18 
17 18 
13 17 13 
13 17 13 
13 17 13 17 13 17 13 
13 17 13 17 13 17 13 
24 18 
24 18 
29 18 
29 18 
28 13 28 13 
28 13 28 13 
27 13 27 
27 13 27 
27 17 27 17 27 17 27 
27 17 27 17 27 17 27 
27 13 27 
27 13 27 
29 18 
29 18 
29 17 29 
29 17 29 
29 18 
29 18 
29 18 
29 18 
27 17 27 17 27 17 27 
27 17 27 17 27 17 27 
28 18 
28 18 
6 17 6 
6 17 6 
28 18 
28 18 
29 17 
29 17 
13 17 13 17 13 18 
13 17 13 17 13 18 
13 17 13 17 13 17 13 17 13 
13 17 13 17 13 17 13 17 13 
0 17 0 
0 17 0 
28 18 
28 18 
6 17 6 
6 17 6 
28 17 28 
28 17 28 
30 18 
30 18 
17 18 
17 18 
17 18 
17 18 
17 18 
17 18 
17 18 
17 18 
17 18 
17 18 
17 18 
17 18 
17 18 
17 18 
17 18 
17 18 
13 17 13 17 13 17 13 
13 17 13 17 13 17 13 
27 17 27 13 17 13 17 13 17 13 17 13 17 13 17 13 
27 17 27 13 17 13 17 13 17 13 17 13 17 13 17 13 
12 18 
12 18 
0 17 0 18 
0 17 0 18 
17 18 
17 18 
27 17 27 17 27 17 27 17 27 17 27 
27 17 27 17 27 17 27 17 27 17 27 
17 31 
17 31 
13 17 13 
13 17 13 
13 17 13 
13 17 13 
17 13 17 13 17 13 17 13 17 13 17 13 17 13 17 13 17 13 17 13 17 13 
17 13 17 13 17 13 17 13 17 13 17 13 17 13 17 13 17 13 17 13 17 13 
28 18 
28 18 
13 17 13 
13 17 13 
0 17 0 18 
0 17 0 18 
29 17 29 
29 17 29 
27 17 27 17 27 
27 17 27 17 27 
27 17 27 18 
27 17 27 18 
27 17 27 18 
27 17 27 18 
27 17 27 17 27 17 27 
27 17 27 17 27 17 27 
27 17 27 17 27 17 27 
27 17 27 17 27 17 27 
27 17 27 
27 17 27 
27 17 27 
27 17 27 
27 17 27 
27 17 27 
17 18 
17 18 
30 28 
30 28 
30 28 
30 28 
18 27 18 
18 27 18 
13 17 13 17 13 17 13 18 
13 17 13 17 13 17 13 18 
27 18 
27 18 
24 18 
24 18 
27 17 27 
27 17 27 
27 17 27 
27 17 27 
27 17 27 
27 17 27 
27 17 27 
27 17 27 
27 18 
27 18 
27 17 27 
27 17 27 
27 17 27 
27 17 27 
13 17 13 
13 17 13 
29 18 
29 18 
0 17 0 17 0 
0 17 0 17 0 
13 17 13 
13 17 13 
28 18 
28 18 
28 17 28 
28 17 28 
28 17 28 
28 17 28 
18 17 27 
18 17 27 
28 17 28 
28 17 28 
28 17 28 
28 17 28 
17 18 
17 18 
28 17 28 
28 17 28 
27 17 27 13 17 13 17 13 
27 17 27 13 17 13 17 13 
28 17 28 
28 17 28 
28 17 28 
28 17 28 
17 28 
17 28 
28 17 28 
28 17 28 
29 17 29 
29 17 29 
28 18 
28 18 
29 18 
29 18 
13 28 13 28 13 28 13 28 13 28 13 28 13 28 
13 28 13 28 13 28 13 28 13 28 13 28 13 28 
17 18 
17 18 
13 17 13 17 13 17 13 17 13 17 13 
13 17 13 17 13 17 13 17 13 17 13 
13 17 13 17 13 17 13 
13 17 13 17 13 17 13 
29 17 29 
29 17 29 
13 17 13 17 13 17 13 
13 17 13 17 13 17 13 
17 29 
17 29 
17 28 
17 28 
27 18 
27 18 
27 17 27 18 
27 17 27 18 
17 18 27 17 
17 18 27 17 
13 17 13 17 13 17 13 17 13 
13 17 13 17 13 17 13 17 13 
17 18 
17 18 
17 29 17 29 17 
17 29 17 29 17 
24 18 
24 18 
29 17 29 13 17 13 
29 17 29 13 17 13 
13 28 13 28 13 28 13 28 13 28 13 30 28 13 27 13 29 13 
13 28 13 28 13 28 13 28 13 28 13 30 28 13 27 13 29 13 
28 17 28 
28 17 28 
28 17 28 
28 17 28 
28 17 28 17 28 
28 17 28 17 28 
28 17 28 27 17 27 
28 17 28 27 17 27 
13 17 13 
13 17 13 
17 28 
17 28 
13 17 13 17 13 18 
13 17 13 17 13 18 
6 28 17 28 27 17 27 28 18 
6 28 17 28 27 17 27 28 18 
6 28 17 28 27 17 27 28 18 
6 28 17 28 27 17 27 28 18 
6 28 17 28 18 
6 28 17 28 18 
29 17 
29 17 
30 18 
30 18 
13 27 13 
13 27 13 
13 17 13 
13 17 13 
6 17 6 
6 17 6 
6 17 6 
6 17 6 
6 17 6 
6 17 6 
6 17 6 
6 17 6 
6 17 6 
6 17 6 
6 17 6 
6 17 6 
6 17 6 
6 17 6 
6 17 6 
6 17 6 
6 17 6 
6 17 6 
6 17 6 
6 17 6 
27 17 27 
27 17 27 
17 18 
17 18 
13 27 
13 27 
16 18 
16 18 
28 17 28 
28 17 28 
28 17 28 18 
28 17 28 18 
28 17 28 18 
28 17 28 18 
28 17 28 18 
28 17 28 18 
18 13 17 13 17 13 17 13 17 13 17 13 18 
18 13 17 13 17 13 17 13 17 13 17 13 18 
27 17 27 
27 17 27 
6 17 6 
6 17 6 
6 17 6 
6 17 6 
13 18 13 
13 18 13 
29 17 29 
29 17 29 
17 18 
17 18 
17 18 
17 18 
17 18 
17 18 
28 17 28 
28 17 28 
27 17 27 
27 17 27 
18 16 18 
18 16 18 
29 17 29 
29 17 29 
17 18 
17 18 
29 18 
29 18 
13 17 13 
13 17 13 
13 17 13 
13 17 13 
17 18 
17 18 
13 17 13 
13 17 13 
27 17 27 
27 17 27 
17 18 
17 18 
13 17 13 
13 17 13 
17 13 29 18 
17 13 29 18 
28 17 28 
28 17 28 
13 29 18 
13 29 18 
13 17 13 17 13 17 13 18 
13 17 13 17 13 17 13 18 
17 29 
17 29 
30 17 30 17 30 17 30 17 30 
30 17 30 17 30 17 30 17 30 
13 17 13 
13 17 13 
17 13 
17 13 
17 18 13 17 13 17 13 18 
17 18 13 17 13 17 13 18 
17 18 13 17 13 17 13 18 
17 18 13 17 13 17 13 18 
13 17 13 17 13 17 13 17 13 
13 17 13 17 13 17 13 17 13 
18 17 18 
18 17 18 
30 18 
30 18 
28 17 28 
28 17 28 
17 28 
17 28 
27 17 27 
27 17 27 
27 17 27 
27 17 27 
27 17 27 
27 17 27 
27 17 27 
27 17 27 
27 17 27 
27 17 27 
27 17 27 
27 17 27 
27 17 27 
27 17 27 
27 17 27 
27 17 27 
27 17 27 
27 17 27 
27 17 27 
27 17 27 
27 17 27 
27 17 27 
27 17 27 
27 17 27 
6 17 6 
6 17 6 
3 18 
3 18 
28 17 28 17 28 17 28 17 28 17 28 
28 17 28 17 28 17 28 17 28 17 28 
28 13 28 
28 13 28 
13 18 
13 18 
27 17 27 
27 17 27 
28 17 28 
28 17 28 
13 27 13 28 27 
13 27 13 28 27 
28 17 28 
28 17 28 
27 17 27 
27 17 27 
13 17 13 17 13 27 17 27 
13 17 13 17 13 27 17 27 
27 17 27 
27 17 27 
17 29 
17 29 
28 18 
28 18 
28 18 
28 18 
27 17 27 17 27 17 27 
27 17 27 17 27 17 27 
28 13 27 13 6 
28 13 27 13 6 
28 13 27 13 6 
28 13 27 13 6 
28 13 27 13 6 
28 13 27 13 6 
28 13 27 13 6 
28 13 27 13 6 
17 18 
17 18 
17 18 
17 18 
17 18 
17 18 
17 18 
17 18 
28 17 28 
28 17 28 
28 17 28 
28 17 28 
13 17 13 17 13 
13 17 13 17 13 
13 17 13 17 13 
13 17 13 17 13 
17 13 
17 13 
27 28 
27 28 
17 13 17 13 17 13 17 13 
17 13 17 13 17 13 17 13 
13 17 13 
13 17 13 
27 17 27 17 27 17 27 17 27 17 27 
27 17 27 17 27 17 27 17 27 17 27 
27 17 27 17 27 17 27 17 27 17 27 
27 17 27 17 27 17 27 17 27 17 27 
27 17 27 17 27 17 27 17 27 17 27 
27 17 27 17 27 17 27 17 27 17 27 
27 17 27 17 27 17 27 17 27 17 27 
27 17 27 17 27 17 27 17 27 17 27 
27 17 27 17 27 17 27 17 27 17 27 
27 17 27 17 27 17 27 17 27 17 27 
27 17 27 
27 17 27 
27 17 27 
27 17 27 
13 17 13 17 13 17 13 
13 17 13 17 13 17 13 
28 17 28 
28 17 28 
28 17 28 
28 17 28 
28 29 28 
28 29 28 
13 18 29 
13 18 29 
13 18 
13 18 
29 18 
29 18 
13 17 13 
13 17 13 
28 18 
28 18 
17 13 
17 13 
13 17 13 
13 17 13 
18 17 18 
18 17 18 
6 28 6 17 6 
6 28 6 17 6 
13 17 13 17 13 
13 17 13 17 13 
28 18 3 17 
28 18 3 17 
3 17 3 17 3 
3 17 3 17 3 
6 17 6 13 
6 17 6 13 
28 17 28 
28 17 28 
27 17 27 
27 17 27 
27 17 27 
27 17 27 
17 18 
17 18 
28 17 28 
28 17 28 
29 17 29 
29 17 29 
17 30 
17 30 
17 30 
17 30 
30 18 
30 18 
28 18 
28 18 
29 18 
29 18 
7 18 
7 18 
13 17 13 17 13 17 13 
13 17 13 17 13 17 13 
17 18 
17 18 
27 17 27 17 27 18 
27 17 27 17 27 18 
28 17 28 
28 17 28 
18 16 
18 16 
30 18 
30 18 
30 18 
30 18 
17 13 17 13 
17 13 17 13 
17 13 17 13 
17 13 17 13 
6 17 6 
6 17 6 
13 17 13 
13 17 13 
28 17 28 17 28 17 28 17 28 17 28 
28 17 28 17 28 17 28 17 28 17 28 
27 17 27 
27 17 27 
28 17 28 
28 17 28 
28 17 28 
28 17 28 
30 18 
30 18 
30 18 
30 18 
28 17 28 17 28 17 28 
28 17 28 17 28 17 28 
29 18 
29 18 
29 18 
29 18 
17 29 
17 29 
27 17 27 
27 17 27 
0 17 0 17 0 17 0 17 0 
0 17 0 17 0 17 0 17 0 
24 18 
24 18 
28 18 
28 18 
28 18 
28 18 
13 17 13 
13 17 13 
27 18 
27 18 
27 18 
27 18 
28 17 28 
28 17 28 
28 17 28 
28 17 28 
13 18 
13 18 
29 18 
29 18 
28 17 28 
28 17 28 
13 28 13 28 18 
13 28 13 28 18 
12 18 
12 18 
28 17 28 
28 17 28 
3 17 3 18 
3 17 3 18 
28 17 28 
28 17 28 
28 17 28 
28 17 28 
28 17 28 
28 17 28 
28 17 28 
28 17 28 
27 17 27 
27 17 27 
13 17 13 
13 17 13 
18 29 18 
18 29 18 
18 29 18 
18 29 18 
13 17 13 17 13 17 13 17 13 17 13 
13 17 13 17 13 17 13 17 13 17 13 
28 17 28 17 28 
28 17 28 17 28 
17 18 
17 18 
0 18 
0 18 
0 18 
0 18 
0 18 
0 18 
29 16 
29 16 
13 17 13 17 13 17 13 17 13 
13 17 13 17 13 17 13 17 13 
13 17 13 
13 17 13 
28 17 28 17 28 17 28 17 28 17 28 
28 17 28 17 28 17 28 17 28 17 28 
28 17 28 17 28 17 28 
28 17 28 17 28 17 28 
13 17 13 
13 17 13 
17 18 
17 18 
17 18 
17 18 
17 18 
17 18 
13 17 13 
13 17 13 
29 18 
29 18 
13 17 13 17 13 17 13 
13 17 13 17 13 17 13 
28 17 28 
28 17 28 
28 17 28 
28 17 28 
17 18 
17 18 
28 17 28 17 28 17 28 17 28 17 28 17 28 17 28 17 28 17 28 17 28 17 28 17 28 17 28 17 28 17 28 17 28 17 28 18 
28 17 28 17 28 17 28 17 28 17 28 17 28 17 28 17 28 17 28 17 28 17 28 17 28 17 28 17 28 17 28 17 28 17 28 18 
27 28 
27 28 
2 18 
2 18 
28 17 28 
28 17 28 
18 28 
18 28 
27 18 
27 18 
17 28 13 
17 28 13 
3 13 3 
3 13 3 
29 17 29 
29 17 29 
13 3 
13 3 
3 13 3 
3 13 3 
13 17 13 
13 17 13 
13 17 13 17 13 
13 17 13 17 13 
28 13 
28 13 
27 17 27 17 27 
27 17 27 17 27 
3 13 3 27 3 13 
3 13 3 27 3 13 
28 17 28 
28 17 28 
28 17 28 
28 17 28 
28 17 28 
28 17 28 
28 17 28 
28 17 28 
24 18 
24 18 
29 17 29 
29 17 29 
0 17 0 
0 17 0 
3 13 3 28 
3 13 3 28 
17 29 18 
17 29 18 
17 29 18 
17 29 18 
29 18 
29 18 
28 17 28 
28 17 28 
28 18 
28 18 
28 18 
28 18 
28 18 
28 18 
28 18 
28 18 
0 18 
0 18 
13 17 13 
13 17 13 
29 18 
29 18 
28 17 28 17 28 17 28 17 28 17 28 
28 17 28 17 28 17 28 17 28 17 28 
29 18 
29 18 
27 17 27 
27 17 27 
27 13 
27 13 
27 17 27 
27 17 27 
27 17 27 17 27 17 27 
27 17 27 17 27 17 27 
13 17 13 
13 17 13 
2 17 2 
2 17 2 
17 29 18 
17 29 18 
13 17 13 
13 17 13 
17 18 
17 18 
17 18 
17 18 
13 17 13 
13 17 13 
28 17 28 17 28 17 28 
28 17 28 17 28 17 28 
13 17 13 
13 17 13 
29 17 29 
29 17 29 
28 17 28 17 28 
28 17 28 17 28 
27 17 27 
27 17 27 
0 17 0 
0 17 0 
13 17 13 
13 17 13 
18 17 18 
18 17 18 
24 18 
24 18 
17 18 
17 18 
27 17 27 17 27 17 27 
27 17 27 17 27 17 27 
29 13 18 
29 13 18 
29 17 29 
29 17 29 
13 27 
13 27 
13 17 13 17 13 
13 17 13 17 13 
27 28 27 28 27 18 
27 28 27 28 27 18 
27 17 27 
27 17 27 
27 17 27 
27 17 27 
27 17 27 
27 17 27 
27 17 27 
27 17 27 
27 17 27 
27 17 27 
27 17 27 
27 17 27 
27 17 27 
27 17 27 
27 17 27 
27 17 27 
28 17 28 
28 17 28 
13 29 
13 29 
27 28 13 28 
27 28 13 28 
27 17 27 
27 17 27 
13 17 13 17 13 
13 17 13 17 13 
28 27 28 27 28 27 2 27 28 27 
28 27 28 27 28 27 2 27 28 27 
13 17 13 
13 17 13 
28 17 28 
28 17 28 
28 17 28 17 28 17 28 17 28 17 28 
28 17 28 17 28 17 28 17 28 17 28 
28 18 
28 18 
3 18 
3 18 
13 28 
13 28 
28 18 
28 18 
29 17 29 
29 17 29 
28 17 28 17 28 17 28 
28 17 28 17 28 17 28 
29 17 29 
29 17 29 
28 17 28 
28 17 28 
13 17 13 
13 17 13 
13 28 
13 28 
29 18 
29 18 
13 17 13 17 13 17 13 
13 17 13 17 13 17 13 
29 18 
29 18 
29 18 
29 18 
27 17 27 
27 17 27 
17 18 
17 18 
28 18 
28 18 
28 18 
28 18 
13 17 13 
13 17 13 
29 17 29 
29 17 29 
29 17 18 
29 17 18 
17 18 
17 18 
29 17 29 
29 17 29 
17 28 17 13 17 13 
17 28 17 13 17 13 
13 17 13 17 13 18 
13 17 13 17 13 18 
13 17 13 17 13 18 
13 17 13 17 13 18 
28 13 
28 13 
28 13 
28 13 
28 13 
28 13 
28 13 
28 13 
18 26 28 
18 26 28 
18 26 28 
18 26 28 
18 26 28 
18 26 28 
13 17 13 17 13 
13 17 13 17 13 
13 17 13 17 13 
13 17 13 17 13 
29 17 29 
29 17 29 
17 29 
17 29 
17 28 17 28 
17 28 17 28 
28 17 28 17 28 17 28 17 28 17 28 
28 17 28 17 28 17 28 17 28 17 28 
29 18 
29 18 
28 17 28 
28 17 28 
28 17 28 
28 17 28 
28 17 28 
28 17 28 
29 18 
29 18 
28 17 28 17 28 
28 17 28 17 28 
28 17 28 
28 17 28 
28 17 28 
28 17 28 
17 18 
17 18 
17 18 
17 18 
17 18 
17 18 
28 17 28 17 28 17 28 17 28 17 28 
28 17 28 17 28 17 28 17 28 17 28 
13 17 13 17 13 17 13 18 
13 17 13 17 13 17 13 18 
17 29 18 
17 29 18 
17 18 
17 18 
13 17 13 17 13 17 13 
13 17 13 17 13 17 13 
13 17 13 17 13 17 13 
13 17 13 17 13 17 13 
13 17 13 17 13 17 13 
13 17 13 17 13 17 13 
13 17 13 
13 17 13 
13 17 13 17 13 17 13 
13 17 13 17 13 17 13 
13 18 
13 18 
13 17 13 17 13 
13 17 13 17 13 
13 17 13 
13 17 13 
29 18 
29 18 
30 18 
30 18 
29 17 29 18 
29 17 29 18 
27 17 27 
27 17 27 
0 18 
0 18 
28 17 28 17 28 17 28 17 28 17 28 
28 17 28 17 28 17 28 17 28 17 28 
0 18 
0 18 
13 28 18 
13 28 18 
13 28 18 
13 28 18 
13 28 18 
13 28 18 
28 17 28 17 28 17 28 17 28 17 28 
28 17 28 17 28 17 28 17 28 17 28 
28 17 28 
28 17 28 
28 17 28 18 
28 17 28 18 
17 29 
17 29 
27 17 27 
27 17 27 
17 18 
17 18 
29 18 
29 18 
28 18 
28 18 
28 17 28 
28 17 28 
17 29 
17 29 
27 17 27 
27 17 27 
13 17 13 
13 17 13 
17 27 17 27 18 
17 27 17 27 18 
17 27 17 27 18 
17 27 17 27 18 
29 18 
29 18 
13 17 13 17 13 
13 17 13 17 13 
29 18 
29 18 
17 29 
17 29 
17 18 
17 18 
17 18 
17 18 
17 18 
17 18 
13 18 
13 18 
18 17 18 
18 17 18 
17 18 
17 18 
13 17 13 17 13 17 13 
13 17 13 17 13 17 13 
13 18 
13 18 
13 18 
13 18 
13 27 13 27 13 27 13 27 13 27 
13 27 13 27 13 27 13 27 13 27 
6 17 6 
6 17 6 
17 13 28 
17 13 28 
13 17 13 
13 17 13 
13 29 
13 29 
13 29 
13 29 
29 18 
29 18 
29 18 
29 18 
13 17 13 17 13 
13 17 13 17 13 
17 29 
17 29 
17 18 
17 18 
17 18 
17 18 
17 18 
17 18 
17 18 
17 18 
30 18 
30 18 
17 29 
17 29 
30 18 
30 18 
30 18 
30 18 
29 17 29 
29 17 29 
29 18 
29 18 
13 17 13 17 13 17 13 17 13 17 13 
13 17 13 17 13 17 13 17 13 17 13 
27 17 27 
27 17 27 
13 17 13 
13 17 13 
27 17 27 
27 17 27 
17 13 17 27 
17 13 17 27 
17 13 17 27 
17 13 17 27 
29 17 29 17 29 
29 17 29 17 29 
29 17 
29 17 
28 17 28 
28 17 28 
29 18 
29 18 
28 17 28 17 28 
28 17 28 17 28 
29 18 
29 18 
27 17 27 18 
27 17 27 18 
13 17 13 17 13 17 13 17 13 17 13 17 13 
13 17 13 17 13 17 13 17 13 17 13 17 13 
17 28 
17 28 
28 17 28 17 28 17 28 
28 17 28 17 28 17 28 
18 17 18 
18 17 18 
13 17 13 17 13 17 13 
13 17 13 17 13 17 13 
0 17 0 
0 17 0 
28 18 
28 18 
13 17 13 
13 17 13 
13 17 13 
13 17 13 
13 17 13 
13 17 13 
13 17 13 17 13 
13 17 13 17 13 
17 18 
17 18 
13 17 13 17 13 
13 17 13 17 13 
13 17 13 17 13 
13 17 13 17 13 
13 17 13 
13 17 13 
13 17 13 
13 17 13 
28 18 
28 18 
13 17 13 17 13 17 13 18 
13 17 13 17 13 17 13 18 
27 17 27 
27 17 27 
17 18 
17 18 
28 17 28 
28 17 28 
27 17 27 
27 17 27 
28 17 28 
28 17 28 
17 13 
17 13 
29 17 29 
29 17 29 
28 17 28 
28 17 28 
28 17 28 
28 17 28 
28 17 28 
28 17 28 
13 17 13 17 13 17 13 
13 17 13 17 13 17 13 
28 17 28 
28 17 28 
13 17 13 
13 17 13 
28 18 
28 18 
13 17 13 17 13 17 13 
13 17 13 17 13 17 13 
13 17 13 
13 17 13 
28 17 28 
28 17 28 
28 17 28 
28 17 28 
13 17 13 17 13 17 13 18 
13 17 13 17 13 17 13 18 
28 17 28 
28 17 28 
18 17 18 
18 17 18 
27 18 27 18 
27 18 27 18 
27 18 27 18 
27 18 27 18 
27 17 27 
27 17 27 
27 18 27 
27 18 27 
27 18 27 
27 18 27 
29 18 
29 18 
13 26 18 
13 26 18 
29 17 29 
29 17 29 
29 17 29 
29 17 29 
17 18 
17 18 
13 18 
13 18 
28 18 
28 18 
28 18 
28 18 
17 18 
17 18 
13 17 13 
13 17 13 
28 18 
28 18 
17 13 17 13 
17 13 17 13 
28 18 
28 18 
17 29 17 18 
17 29 17 18 
15 28 17 28 
15 28 17 28 
29 18 
29 18 
27 17 27 17 27 17 27 
27 17 27 17 27 17 27 
17 18 
17 18 
17 18 
17 18 
17 18 
17 18 
28 17 28 18 
28 17 28 18 
27 17 27 
27 17 27 
17 18 
17 18 
13 29 13 
17 13 
13 12 2 13 2 13 28 
29 17 
13 29 13 
28 13 
28 13 
28 13 
27 29 27 13 
27 13 
29 27 13 27 
28 27 28 
27 13 
28 27 28 
27 13 27 
28 27 28 
13 29 13 
29 13 17 
13 17 
13 28 29 
13 28 29 28 
17 29 
29 16 
17 30 
16 29 
17 30 
17 30 
28 27 28 29 28 13 28 13 29 13 
28 13 
28 13 
13 29 13 
13 29 13 
28 2 13 
27 28 
13 29 
13 29 16 13 
29 17 
13 29 13 
13 29 
13 29 
31 9 13 
13 28 13 
13 28 
13 28 
13 28 
13 28 
13 28 13 28 
13 28 13 
28 13 28 2 13 28 2 28 13 28 13 28 13 28 2 28 
29 17 
27 13 27 
27 13 27 
29 16 
13 27 29 
28 0 
17 13 
13 28 13 
2 13 2 28 29 2 
29 17 
17 29 
17 13 
27 29 
29 13 
13 29 27 28 
29 16 
17 29 
17 29 
17 29 
28 13 
13 27 29 27 
17 29 
29 17 
13 29 
16 13 
29 31 
29 17 
13 28 
13 28 
16 29 
13 17 
13 28 
28 13 28 13 
29 13 
29 13 
29 17 
29 17 
29 17 
0 17 
0 17 
17 13 
13 27 13 
13 28 13 
13 28 
17 28 17 3 
13 28 
13 27 13 
13 26 
13 29 
13 2 13 
13 27 13 
0 29 
17 28 
13 29 13 
13 29 
28 27 
28 27 
13 29 13 
27 28 13 
13 27 
29 31 9 
13 2 29 13 2 28 13 28 13 
13 29 17 
2 29 13 2 
17 29 
13 27 13 
17 3 
17 29 
17 28 
17 13 29 13 
29 16 28 
13 28 29 
13 29 
13 6 13 6 
13 6 
13 6 
6 13 
13 6 13 6 
17 29 
17 13 
13 17 29 
13 2 
28 27 
29 17 
13 29 13 
30 29 13 28 13 
13 29 
13 27 13 29 
29 13 
29 17 
29 17 
29 17 
13 28 13 
17 3 
17 3 
28 3 
17 28 29 3 28 
17 3 28 
13 29 13 29 13 
29 17 
13 28 
17 27 13 27 
13 3 
13 28 13 
16 29 
13 28 13 
13 28 
27 13 
13 28 
29 27 13 
27 13 
17 29 
13 16 
27 29 27 
13 28 13 
17 13 29 13 
17 16 13 29 
13 16 
17 27 13 
28 13 28 13 
16 29 13 17 
17 13 16 13 29 13 
27 28 
28 27 
28 27 28 27 28 29 27 28 
29 27 
13 29 
28 17 
17 29 
2 13 29 
13 29 
13 29 
27 28 
28 27 
17 29 
29 27 
29 27 
28 13 28 
13 29 13 
29 17 
28 13 
28 29 
28 27 
28 27 
13 27 
3 17 
3 17 
17 29 
1 29 
28 13 28 
27 28 27 
29 16 
29 24 
31 17 
28 13 28 
0 13 
13 29 13 28 13 
17 13 29 13 28 13 
13 29 13 
29 17 
13 28 13 
28 17 
2 13 
29 16 
28 27 13 27 13 27 13 28 13 29 
28 13 
28 13 
2 29 
13 29 0 
28 27 13 
29 17 
2 13 
29 17 
17 29 
29 17 
29 17 
13 27 13 
17 29 
17 29 
13 17 
27 28 
31 9 
16 29 
13 29 
29 16 29 
29 16 29 
17 16 29 
28 29 
13 29 16 
29 13 
29 13 
27 13 
13 29 
27 28 27 28 
16 29 
16 29 
13 29 
17 29 
13 29 13 
13 29 13 
28 13 
27 28 
13 28 
28 29 28 
22 17 
28 25 
17 13 
17 29 
13 29 13 
27 13 29 
27 13 29 17 
29 17 
28 13 28 13 28 13 28 
13 28 13 28 13 28 13 28 13 
29 16 
17 29 
28 13 
28 17 28 
28 17 28 
29 16 
16 29 
2 28 
2 28 
27 29 17 
27 28 0 13 28 
13 27 13 
31 29 
29 16 
27 13 27 28 13 
28 13 30 28 13 28 13 28 13 
27 13 27 28 
29 31 
28 13 
30 28 29 13 
29 17 
16 29 
31 29 
29 28 
13 17 
16 29 24 
28 13 
29 17 
13 17 
17 28 13 
28 13 
27 13 
13 29 
13 29 
13 29 13 
31 29 
13 28 
29 17 
29 28 
13 27 
13 27 13 27 
13 27 
13 29 
13 29 
13 28 27 
13 28 13 28 27 13 
13 28 
28 29 28 
13 16 13 
13 28 
13 28 29 
13 27 13 
29 13 
13 27 13 
13 28 
13 28 
13 2 28 13 2 29 28 
13 2 28 13 2 29 28 13 
29 17 
13 28 17 
28 17 
29 17 
29 13 0 13 
29 16 
13 29 
27 28 27 28 
29 16 
29 27 
29 17 
13 29 13 17 
29 27 
29 21 
29 13 
29 21 
28 13 
28 16 28 16 28 16 28 
13 29 
29 13 
29 13 
29 16 
29 16 
29 17 
29 17 
16 29 
28 13 28 
28 2 17 
29 13 
29 13 
29 28 27 28 13 28 13 
28 27 28 13 
13 17 13 16 
29 13 
29 28 
28 29 28 
17 29 
28 2 
28 13 
28 2 
28 29 
13 2 13 2 13 
28 13 28 
29 16 
28 13 29 3 
29 16 
13 28 13 
13 28 13 
31 29 
13 29 
13 27 13 
29 31 
13 29 28 
28 13 
28 27 28 27 13 
29 16 
29 16 
16 29 
29 17 
13 16 2 13 16 
27 13 28 
28 13 28 
29 17 
29 13 
12 28 
17 29 
16 29 
13 27 
29 17 
27 28 
13 27 
13 27 13 
13 29 
16 29 
17 26 
13 29 
28 27 28 13 
28 13 
13 29 
13 29 
29 17 
27 13 28 13 28 13 28 
13 29 
3 27 
3 27 
13 29 
29 27 
27 29 
13 28 
13 17 
13 27 28 6 13 27 
17 0 
13 28 
13 28 
13 28 
13 17 
28 13 28 13 
28 13 
28 13 28 
29 17 
13 16 13 2 13 16 
29 17 
13 28 13 
27 13 
13 27 
13 27 
13 27 
13 28 13 
13 27 13 
13 28 13 
17 29 31 
28 29 
28 13 
13 28 29 28 
12 28 
28 13 29 
27 13 27 
27 13 27 
28 27 
28 27 
13 29 
29 28 13 
29 16 
28 13 28 13 28 13 
17 27 28 29 27 28 27 28 
17 27 28 27 
28 13 28 
13 29 
27 28 27 3 17 
28 29 28 
28 16 
27 0 
13 29 
13 29 13 29 13 
13 29 
29 28 
27 28 16 
13 17 28 
17 29 
28 13 
17 13 29 13 
17 13 
13 17 
13 29 17 
13 29 13 
17 29 
13 27 13 
28 13 
13 27 
13 28 
13 28 13 
29 17 
13 30 13 2 
13 29 13 17 
13 29 
17 29 17 
13 17 
13 27 
29 17 
29 17 
13 29 
28 13 
13 29 13 29 17 
29 13 
29 30 
29 13 
29 13 
17 13 
16 17 
13 29 
13 29 13 29 
13 29 13 29 
29 17 
27 13 27 13 27 29 13 27 
29 13 
13 29 
27 13 
28 27 28 
28 27 28 
13 29 
27 13 
28 13 28 
27 13 
13 29 
17 3 28 
3 28 27 
13 29 
17 3 28 
17 28 27 3 27 
13 28 29 
13 28 29 
13 27 13 27 13 
13 27 13 17 
29 16 
13 27 
27 13 27 
29 16 
13 28 
27 13 
28 13 
28 13 
28 13 
28 13 
28 13 
28 13 
13 28 
13 28 
17 28 
13 28 27 
24 29 
29 17 
13 27 13 
13 1 
29 13 
29 17 13 
13 28 
27 28 13 27 
13 28 
13 29 
13 29 
13 28 13 29 13 28 17 
13 29 13 
29 17 
13 29 
13 16 29 13 16 
16 29 13 16 13 
13 29 
13 29 
13 29 
13 28 13 28 13 
17 29 
27 13 16 29 
13 27 
13 27 13 16 29 
13 2 13 
13 29 13 
16 29 
31 17 
29 28 
13 29 
13 29 13 27 13 
13 27 13 3 13 3 13 3 
0 13 27 13 27 13 0 27 13 27 0 13 27 13 0 27 
29 17 
13 28 13 
13 29 13 27 
17 29 
13 17 
30 29 
13 27 13 
13 27 13 
28 13 
13 17 
17 3 
13 29 13 
12 13 
13 28 13 28 13 
29 16 
29 16 
28 29 
29 16 
28 27 28 
17 31 
17 3 
29 17 
29 17 
17 29 
29 17 
29 17 
17 29 
28 27 28 
27 28 
28 13 28 13 29 28 
13 29 
28 13 27 28 
29 17 
29 27 
29 27 
28 17 
13 27 
17 29 
28 13 28 
29 13 
29 13 
28 13 
27 13 27 13 27 
28 13 27 13 27 13 27 13 27 13 16 13 
9 17 
27 28 
13 28 13 28 13 2 13 17 
13 29 16 
13 29 13 16 
29 13 16 
13 29 
13 29 
17 13 
29 16 13 
17 13 
29 17 
13 28 13 
27 13 
27 13 
13 27 
29 13 
13 27 
27 13 
13 29 13 
13 0 
28 13 
28 29 28 
13 28 17 
28 13 
13 28 
13 27 13 27 13 
13 29 27 
17 30 13 
16 29 
29 13 
13 17 
13 27 
13 27 
30 17 
17 13 
17 13 
13 29 13 
28 17 
28 17 
29 17 
17 29 
13 27 13 
27 13 27 13 27 13 27 13 27 
27 13 27 13 27 13 
13 27 13 
16 29 
30 28 30 
30 28 30 
13 17 
13 17 
28 13 
2 29 
13 28 
13 28 
13 27 13 27 13 28 13 28 
29 17 
13 27 13 
13 27 13 
27 13 28 27 13 27 13 27 13 28 13 27 13 27 28 
28 13 28 13 27 28 27 13 27 28 13 28 27 13 27 
29 13 
28 13 28 13 28 13 28 13 28 29 13 28 13 28 13 
13 27 13 
13 29 
28 13 28 13 28 13 28 13 28 29 13 28 13 28 13 
17 29 
29 16 
28 29 28 
28 29 28 
17 13 
29 28 
29 17 
17 13 2 13 2 6 
29 1 
13 2 13 2 17 6 
13 29 13 16 13 2 16 13 16 13 2 29 16 17 
13 16 13 29 13 16 13 16 13 16 17 6 
13 2 16 13 2 16 13 16 13 29 13 16 13 17 
13 2 13 2 13 16 29 16 29 16 17 
13 28 13 
17 13 
13 28 
29 17 
13 29 
13 29 13 27 
13 28 16 
13 27 13 
29 16 
29 16 
29 17 
17 2 30 2 
27 28 27 28 27 
27 28 27 
28 13 
28 13 28 
28 13 28 13 
28 13 28 
29 28 
28 30 29 16 
28 30 29 16 28 
17 29 
13 29 
31 17 
29 17 
28 13 28 
28 13 
28 29 
17 29 
13 17 
13 29 
13 28 29 
29 13 
13 27 13 
13 28 
29 17 
13 28 
13 17 29 
17 29 
17 13 27 13 28 13 27 13 
13 27 
29 17 
13 30 13 29 
29 17 
27 13 27 13 27 13 
28 27 13 2 27 13 27 13 
13 29 27 28 
16 29 
13 29 27 28 
13 27 13 27 13 
13 27 13 
13 27 13 
17 29 
13 28 
13 28 29 
29 31 
13 29 
28 29 
13 17 
28 29 
13 17 
13 17 
27 13 27 13 
13 28 
28 27 
28 29 
17 29 
28 13 
13 16 13 28 13 27 13 27 16 13 16 13 28 16 13 16 13 28 
17 29 
13 29 13 
28 13 
28 13 
17 13 
16 29 
29 16 
13 19 13 29 13 
29 17 
13 28 13 28 13 
28 27 
17 13 
27 13 
28 13 28 
16 29 16 
28 27 28 
13 28 13 
13 16 13 29 16 
29 17 
16 29 28 
13 29 13 
16 17 
27 13 
28 2 28 2 
13 16 29 
2 26 
28 13 
31 9 
13 29 
13 29 
29 17 
13 27 
29 17 
29 17 
17 29 
17 29 
17 31 
13 27 13 
13 27 13 27 
29 17 
29 17 
13 29 
29 17 
13 27 13 
13 29 
29 17 
1 29 13 28 
17 3 27 
17 3 
29 16 
29 16 
17 3 27 
27 13 
30 27 
28 27 
9 29 31 
13 16 
13 16 
13 16 
29 17 
13 27 13 
17 28 2 
28 2 17 
16 29 13 28 
16 28 29 
16 29 
13 28 
29 16 
29 16 
27 13 
27 13 
27 28 
27 28 27 29 27 
29 13 
27 29 
27 29 28 
13 29 
13 27 13 27 13 
13 27 13 27 13 
13 27 13 27 13 
13 29 16 
30 29 
0 29 28 
0 28 13 
28 13 28 
28 13 
13 28 
27 13 27 
27 13 27 
29 16 
17 13 28 13 28 13 2 
13 28 
17 29 
13 28 
28 29 
13 2 13 
13 2 13 
29 16 
13 28 29 13 28 
29 17 
28 13 
28 13 
28 27 28 
28 27 13 27 28 13 27 13 
2 13 27 13 
17 29 
28 2 
28 2 13 
27 13 
28 29 
13 29 13 
13 29 13 
29 17 
0 29 
29 17 
0 17 
