15 21 15 
15 21 15 
34 21 34 
34 21 34 
34 21 34 21 34 21 34 
34 21 34 21 34 21 34 
21 31 
21 31 
31 21 31 
31 21 31 
21 35 21 
21 35 21 
34 21 34 21 34 21 34 
34 21 34 21 34 21 34 
34 21 34 
34 21 34 
34 21 34 21 34 21 34 
34 21 34 21 34 21 34 
21 35 21 35 
21 35 21 35 
34 21 34 21 34 21 34 
34 21 34 21 34 21 34 
35 21 35 
35 21 35 
31 21 31 21 31 21 31 
31 21 31 21 31 21 31 
1 21 1 31 21 31 15 21 15 
1 21 1 31 21 31 15 21 15 
15 21 15 
15 21 15 
34 21 34 21 34 21 34 
34 21 34 21 34 21 34 
34 21 34 
34 21 34 
34 21 34 
34 21 34 
34 21 34 21 34 21 34 
34 21 34 21 34 21 34 
34 21 34 21 34 21 34 
34 21 34 21 34 21 34 
34 21 34 21 34 21 34 
34 21 34 21 34 21 34 
31 21 31 
31 21 31 
34 21 34 21 34 
34 21 34 21 34 
31 21 31 
31 21 31 
15 21 15 
15 21 15 
21 35 
21 35 
15 21 15 
15 21 15 
15 21 15 
15 21 15 
34 21 34 
34 21 34 
34 21 34 
34 21 34 
34 21 34 
34 21 34 
31 21 31 
31 21 31 
34 21 34 
34 21 34 
34 21 34 
34 21 34 
15 21 15 21 15 
15 21 15 21 15 
34 21 34 21 34 21 34 21 34 21 34 
34 21 34 21 34 21 34 21 34 21 34 
15 21 15 
15 21 15 
15 21 15 
15 21 15 
15 21 15 21 15 21 15 21 15 
15 21 15 21 15 21 15 21 15 
31 21 31 
31 21 31 
34 21 34 21 34 21 34 21 34 
34 21 34 21 34 21 34 21 34 
31 21 31 
31 21 31 
15 34 
15 34 
34 21 34 
34 21 34 
21 15 
21 15 
31 21 31 21 31 21 31 
31 21 31 21 31 21 31 
34 21 34 
34 21 34 
34 21 34 
34 21 34 
31 21 31 21 31 21 31 
31 21 31 21 31 21 31 
31 21 31 
31 21 31 
31 21 31 
31 21 31 
15 21 15 
15 21 15 
34 21 34 
34 21 34 
34 21 34 
34 21 34 
34 15 
34 15 
15 31 
15 31 
34 21 34 21 34 21 34 
34 21 34 21 34 21 34 
15 31 
15 31 
15 21 15 21 15 21 15 
15 21 15 21 15 21 15 
15 21 15 21 15 21 15 21 15 
15 21 15 21 15 21 15 21 15 
31 21 31 21 31 21 31 
31 21 31 21 31 21 31 
21 35 21 
21 35 21 
34 21 34 
34 21 34 
34 21 34 
34 21 34 
34 21 34 
34 21 34 
15 21 15 
15 21 15 
34 21 34 21 34 
34 21 34 21 34 
15 21 15 
15 21 15 
15 21 15 
15 21 15 
15 21 15 
15 21 15 
15 21 15 
15 21 15 
31 21 31 
31 21 31 
31 21 31 
31 21 31 
15 34 15 34 15 
15 34 15 34 15 
34 21 34 
34 21 34 
34 21 34 
34 21 34 
34 21 34 
34 21 34 
15 21 15 
15 21 15 
31 21 31 21 31 21 31 21 31 21 31 
31 21 31 21 31 21 31 21 31 21 31 
34 21 34 
34 21 34 
34 21 34 21 34 21 34 
34 21 34 21 34 21 34 
34 21 34 
34 21 34 
34 21 34 21 34 21 34 
34 21 34 21 34 21 34 
34 21 34 
34 21 34 
35 21 35 
35 21 35 
34 21 34 
34 21 34 
34 21 34 21 34 
34 21 34 21 34 
34 21 34 
34 21 34 
34 21 34 
34 21 34 
34 21 34 
34 21 34 
34 21 34 
34 21 34 
34 21 34 21 34 21 34 
34 21 34 21 34 21 34 
34 21 34 
34 21 34 
31 21 31 
31 21 31 
34 21 34 21 34 21 34 
34 21 34 21 34 21 34 
35 34 21 34 
35 34 21 34 
29 21 29 
29 21 29 
31 21 31 21 31 21 31 
31 21 31 21 31 21 31 
34 21 34 
34 21 34 
15 21 15 
15 21 15 
15 21 15 
15 21 15 
31 21 31 21 31 21 31 
31 21 31 21 31 21 31 
34 21 34 
34 21 34 
34 21 34 
34 21 34 
34 21 34 
34 21 34 
15 21 15 
15 21 15 
34 21 34 
34 21 34 
34 21 34 
34 21 34 
34 21 34 
34 21 34 
34 21 34 
34 21 34 
34 21 34 
34 21 34 
34 21 34 
34 21 34 
34 21 34 
34 21 34 
34 21 34 
34 21 34 
34 21 34 
34 21 34 
34 21 34 
34 21 34 
34 21 34 
34 21 34 
34 21 34 
34 21 34 
34 21 34 
34 21 34 
34 21 34 
34 21 34 
34 21 34 
34 21 34 
34 21 34 
34 21 34 
34 21 34 
34 21 34 
34 21 34 
34 21 34 
34 21 34 
34 21 34 
34 21 34 
34 21 34 
34 21 34 
34 21 34 
34 21 34 
34 21 34 
34 21 34 
34 21 34 
15 21 15 
15 21 15 
34 21 34 
34 21 34 
15 21 15 
15 21 15 
15 21 15 
15 21 15 
15 21 15 
15 21 15 
29 21 29 
29 21 29 
29 21 29 
29 21 29 
29 21 29 
29 21 29 
29 21 29 
29 21 29 
29 21 29 
29 21 29 
29 21 29 
29 21 29 
15 21 15 
15 21 15 
21 34 
21 34 
15 21 15 
15 21 15 
34 21 34 
34 21 34 
34 21 34 21 34 
34 21 34 21 34 
21 36 
21 36 
34 21 34 21 34 21 34 
34 21 34 21 34 21 34 
15 21 15 
15 21 15 
34 21 34 
34 21 34 
21 34 21 34 21 34 
21 34 21 34 21 34 
34 21 34 21 34 
34 21 34 21 34 
34 21 34 21 34 
34 21 34 21 34 
34 15 34 15 34 
34 15 34 15 34 
34 15 
34 15 
31 21 31 
31 21 31 
31 21 31 
31 21 31 
34 21 34 
34 21 34 
34 31 
34 31 
15 21 15 
15 21 15 
15 21 15 
15 21 15 
31 21 31 
31 21 31 
34 21 34 
34 21 34 
34 21 34 
34 21 34 
15 21 15 
15 21 15 
31 21 31 21 31 21 31 
31 21 31 21 31 21 31 
10 21 10 
10 21 10 
10 21 10 
10 21 10 
21 30 
21 30 
31 21 31 
31 21 31 
31 21 31 
31 21 31 
34 21 34 
34 21 34 
34 21 34 
34 21 34 
31 21 31 21 31 21 31 
31 21 31 21 31 21 31 
34 21 34 
34 21 34 
34 21 34 
34 21 34 
15 21 15 
15 21 15 
34 21 34 
34 21 34 
31 21 31 
31 21 31 
31 21 31 
31 21 31 
34 21 34 21 34 21 34 21 34 21 34 
34 21 34 21 34 21 34 21 34 21 34 
34 21 34 
34 21 34 
21 36 
21 36 
31 21 31 
31 21 31 
34 21 34 21 34 21 34 
34 21 34 21 34 21 34 
34 21 34 21 34 21 34 
34 21 34 21 34 21 34 
34 21 34 21 34 21 34 
34 21 34 21 34 21 34 
34 21 34 
34 21 34 
34 21 34 
34 21 34 
34 21 34 
34 21 34 
31 21 31 
31 21 31 
35 21 35 
35 21 35 
34 15 
34 15 
34 21 34 21 34 21 34 
34 21 34 21 34 21 34 
15 21 15 21 15 21 15 
15 21 15 21 15 21 15 
15 21 15 21 15 21 15 
15 21 15 21 15 21 15 
34 21 34 
34 21 34 
31 15 
31 15 
15 31 
15 31 
15 21 15 21 15 
15 21 15 21 15 
31 21 31 21 31 21 31 
31 21 31 21 31 21 31 
21 15 21 15 21 15 21 15 
21 15 21 15 21 15 21 15 
34 21 34 
34 21 34 
34 35 
34 35 
31 34 31 
31 34 31 
34 21 34 21 34 
34 21 34 21 34 
21 15 
21 15 
34 21 34 21 
34 21 34 21 
35 21 35 
35 21 35 
15 21 15 
15 21 15 
15 21 15 21 15 21 15 21 15 21 15 
15 21 15 21 15 21 15 21 15 21 15 
21 38 
21 38 
34 21 34 
34 21 34 
31 21 31 
31 21 31 
34 21 34 
34 21 34 
15 21 15 21 15 21 15 
15 21 15 21 15 21 15 
15 21 15 21 15 21 15 
15 21 15 21 15 21 15 
15 21 15 21 15 21 15 
15 21 15 21 15 21 15 
15 21 15 21 15 21 15 
15 21 15 21 15 21 15 
15 21 15 21 15 21 15 
15 21 15 21 15 21 15 
15 21 15 21 15 21 15 
15 21 15 21 15 21 15 
15 21 15 
15 21 15 
15 34 
15 34 
15 21 15 
15 21 15 
15 21 15 
15 21 15 
34 21 34 
34 21 34 
35 21 
35 21 
34 21 34 
34 21 34 
15 21 15 
15 21 15 
34 21 34 
34 21 34 
34 21 34 
34 21 34 
34 21 34 
34 21 34 
31 21 31 
31 21 31 
15 21 15 
15 21 15 
34 21 34 
34 21 34 
31 21 31 
31 21 31 
34 21 34 
34 21 34 
15 34 15 34 15 
15 34 15 34 15 
15 21 15 21 15 21 15 21 15 
15 21 15 21 15 21 15 21 15 
21 35 
21 35 
31 21 31 
31 21 31 
31 21 31 
31 21 31 
31 21 31 
31 21 31 
31 21 31 
31 21 31 
35 21 35 21 35 
35 21 35 21 35 
15 21 15 21 15 
15 21 15 21 15 
15 21 15 
15 21 15 
31 21 31 
31 21 31 
15 21 15 
15 21 15 
34 21 34 21 34 21 34 21 34 21 34 
34 21 34 21 34 21 34 21 34 21 34 
31 21 31 
31 21 31 
34 21 34 21 34 21 34 
34 21 34 21 34 21 34 
34 21 34 
34 21 34 
31 21 31 
31 21 31 
15 21 15 
15 21 15 
27 35 
27 35 
34 21 34 
34 21 34 
15 21 15 
15 21 15 
15 21 15 
15 21 15 
15 21 15 
15 21 15 
15 21 15 
15 21 15 
34 21 34 21 34 
34 21 34 21 34 
34 31 
34 31 
15 21 15 
15 21 15 
34 21 34 
34 21 34 
15 21 15 
15 21 15 
15 21 15 21 15 21 15 21 15 21 15 
15 21 15 21 15 21 15 21 15 21 15 
15 21 15 21 15 21 15 21 15 21 15 
15 21 15 21 15 21 15 21 15 21 15 
15 21 15 
15 21 15 
34 21 34 
34 21 34 
21 35 
21 35 
31 21 31 21 31 21 31 
31 21 31 21 31 21 31 
15 21 15 21 15 21 15 
15 21 15 21 15 21 15 
34 21 34 
34 21 34 
35 21 35 
35 21 35 
34 21 34 21 34 
34 21 34 21 34 
34 21 34 21 34 
34 21 34 21 34 
35 21 35 21 
35 21 35 21 
0 21 0 21 0 
0 21 0 21 0 
34 21 34 
34 21 34 
35 21 35 
35 21 35 
34 21 34 
34 21 34 
35 21 35 
35 21 35 
34 21 34 
34 21 34 
34 21 34 
34 21 34 
15 21 15 
15 21 15 
34 21 34 
34 21 34 
35 21 35 
35 21 35 
31 21 31 
31 21 31 
15 21 15 21 15 21 15 
15 21 15 21 15 21 15 
31 34 
31 34 
15 21 15 21 15 
15 21 15 21 15 
35 21 35 
35 21 35 
31 21 31 
31 21 31 
15 21 15 21 15 
15 21 15 21 15 
34 21 34 
34 21 34 
15 21 15 21 15 34 21 34 
15 21 15 21 15 34 21 34 
34 15 
34 15 
31 21 31 
31 21 31 
31 21 31 
31 21 31 
35 21 35 15 21 15 
35 21 35 15 21 15 
31 21 31 
31 21 31 
15 21 15 21 15 21 15 
15 21 15 21 15 21 15 
31 21 31 
31 21 31 
15 21 15 
15 21 15 
35 21 
35 21 
15 21 15 21 15 
15 21 15 21 15 
34 21 34 
34 21 34 
35 21 35 
35 21 35 
31 21 31 
31 21 31 
31 21 31 
31 21 31 
31 21 31 
31 21 31 
31 21 31 
31 21 31 
31 21 31 
31 21 31 
34 21 34 
34 21 34 
31 21 31 
31 21 31 
15 21 15 21 15 21 15 
15 21 15 21 15 21 15 
34 15 34 
34 15 34 
31 21 31 
31 21 31 
15 21 15 21 15 21 15 
15 21 15 21 15 21 15 
15 21 15 
15 21 15 
31 21 31 
31 21 31 
31 21 31 
31 21 31 
15 21 15 21 15 21 15 
15 21 15 21 15 21 15 
15 21 15 
15 21 15 
31 21 31 
31 21 31 
34 21 34 
34 21 34 
31 21 31 
31 21 31 
31 21 31 
31 21 31 
31 21 31 
31 21 31 
31 21 31 
31 21 31 
31 21 31 
31 21 31 
34 21 34 
34 21 34 
15 21 15 
15 21 15 
34 21 34 
34 21 34 
34 21 34 21 34 
34 21 34 21 34 
30 21 30 
30 21 30 
34 21 34 21 34 21 34 
34 21 34 21 34 21 34 
31 21 31 
31 21 31 
34 21 34 21 34 21 34 
34 21 34 21 34 21 34 
34 21 34 21 34 21 34 
34 21 34 21 34 21 34 
15 21 15 21 15 21 15 
15 21 15 21 15 21 15 
31 21 31 21 31 21 31 
31 21 31 21 31 21 31 
35 21 
35 21 
31 21 31 
31 21 31 
15 21 15 
15 21 15 
15 21 15 
15 21 15 
31 21 31 
31 21 31 
15 21 15 21 15 21 15 
15 21 15 21 15 21 15 
31 21 31 
31 21 31 
34 21 34 21 34 21 34 
34 21 34 21 34 21 34 
31 21 31 
31 21 31 
34 21 34 
34 21 34 
15 34 15 
15 34 15 
31 21 31 
31 21 31 
34 21 34 21 34 21 34 21 34 21 34 
34 21 34 21 34 21 34 21 34 21 34 
34 21 34 
34 21 34 
31 21 31 
31 21 31 
34 21 34 
34 21 34 
34 21 34 
34 21 34 
34 21 34 
34 21 34 
15 21 15 21 15 21 15 
15 21 15 21 15 21 15 
15 21 15 21 15 21 15 21 15 
15 21 15 21 15 21 15 21 15 
31 21 31 21 31 21 31 21 31 21 31 
31 21 31 21 31 21 31 21 31 21 31 
34 21 34 21 34 21 34 
34 21 34 21 34 21 34 
31 21 31 21 31 
31 21 31 21 31 
15 21 15 
15 21 15 
15 21 15 
15 21 15 
15 21 15 
15 21 15 
15 34 15 
15 34 15 
15 21 15 
15 21 15 
34 21 34 21 34 21 34 
34 21 34 21 34 21 34 
15 21 15 
15 21 15 
34 21 34 21 34 21 34 
34 21 34 21 34 21 34 
34 21 34 21 34 21 34 
34 21 34 21 34 21 34 
34 15 
34 15 
15 34 
15 34 
34 15 34 
34 15 34 
31 21 31 
31 21 31 
31 21 31 
31 21 31 
21 36 
21 36 
21 36 
21 36 
21 36 
21 36 
21 36 
21 36 
21 36 
21 36 
21 36 
21 36 
21 36 
21 36 
34 21 34 
34 21 34 
15 21 15 
15 21 15 
15 21 15 
15 21 15 
15 34 
15 34 
34 15 34 15 34 15 34 
34 15 34 15 34 15 34 
34 21 34 21 34 21 34 21 34 21 34 
34 21 34 21 34 21 34 21 34 21 34 
15 21 15 
15 21 15 
15 21 15 21 15 
15 21 15 21 15 
15 21 15 21 15 
15 21 15 21 15 
15 21 15 
15 21 15 
34 21 34 
34 21 34 
21 6 
21 6 
21 6 
21 6 
34 6 21 6 
34 6 21 6 
34 21 34 
34 21 34 
34 21 34 
34 21 34 
34 21 34 21 34 
34 21 34 21 34 
13 21 13 
13 21 13 
34 21 34 
34 21 34 
15 21 15 
15 21 15 
15 21 15 
15 21 15 
34 21 34 
34 21 34 
15 21 15 
15 21 15 
15 21 15 34 21 34 
15 21 15 34 21 34 
34 21 34 
34 21 34 
15 21 15 21 15 21 15 
15 21 15 21 15 21 15 
34 21 34 21 34 21 34 21 34 21 34 
34 21 34 21 34 21 34 21 34 21 34 
34 21 34 
34 21 34 
31 21 31 21 31 21 31 21 31 21 31 
31 21 31 21 31 21 31 21 31 21 31 
34 21 34 21 34 
34 21 34 21 34 
34 21 34 21 34 
34 21 34 21 34 
34 21 34 21 34 
34 21 34 21 34 
34 21 34 21 34 
34 21 34 21 34 
34 21 34 21 34 
34 21 34 21 34 
34 21 34 21 34 
34 21 34 21 34 
34 21 34 
34 21 34 
34 21 34 21 34 21 34 
34 21 34 21 34 21 34 
15 21 15 21 15 21 15 
15 21 15 21 15 21 15 
15 21 15 
15 21 15 
31 21 31 
31 21 31 
34 21 34 
34 21 34 
34 21 34 
34 21 34 
15 21 15 
15 21 15 
15 21 15 
15 21 15 
34 21 34 21 34 21 34 
34 21 34 21 34 21 34 
34 21 34 21 34 21 34 
34 21 34 21 34 21 34 
31 21 31 
31 21 31 
15 21 15 21 15 
15 21 15 21 15 
15 21 15 21 15 
15 21 15 21 15 
34 21 34 
34 21 34 
31 21 31 21 31 21 31 
31 21 31 21 31 21 31 
30 34 36 
30 34 36 
34 36 
34 36 
34 21 34 21 34 21 34 
34 21 34 21 34 21 34 
31 21 31 21 31 21 31 
31 21 31 21 31 21 31 
34 21 34 
34 21 34 
15 21 15 21 15 21 15 21 15 21 15 21 15 
15 21 15 21 15 21 15 21 15 21 15 21 15 
15 21 15 
15 21 15 
34 21 34 
34 21 34 
15 21 15 
15 21 15 
15 21 15 21 15 21 15 21 15 
15 21 15 21 15 21 15 21 15 
15 21 15 21 15 21 15 
15 21 15 21 15 21 15 
15 21 15 21 15 21 15 
15 21 15 21 15 21 15 
34 21 34 
34 21 34 
31 21 31 
31 21 31 
15 21 15 
15 21 15 
15 34 
15 34 
15 21 15 
15 21 15 
15 21 15 21 15 21 15 21 15 21 15 21 15 
15 21 15 21 15 21 15 21 15 21 15 21 15 
34 21 34 
34 21 34 
15 21 15 34 21 34 
15 21 15 34 21 34 
34 21 34 21 34 21 34 
34 21 34 21 34 21 34 
34 21 34 21 34 21 34 
34 21 34 21 34 21 34 
34 21 34 
34 21 34 
31 21 31 
31 21 31 
21 34 
21 34 
35 21 35 
35 21 35 
34 21 34 
34 21 34 
15 21 15 21 15 21 15 
15 21 15 21 15 21 15 
15 21 15 
15 21 15 
31 21 31 
31 21 31 
15 21 15 
15 21 15 
15 21 15 
15 21 15 
31 21 31 
31 21 31 
15 21 15 
15 21 15 
35 21 35 
35 21 35 
31 21 31 21 31 21 31 
31 21 31 21 31 21 31 
34 21 34 
34 21 34 
34 21 34 21 34 21 34 
34 21 34 21 34 21 34 
34 21 34 21 34 21 34 
34 21 34 21 34 21 34 
15 21 15 21 15 
15 21 15 21 15 
34 15 34 15 34 15 34 
34 15 34 15 34 15 34 
21 35 
21 35 
34 21 34 21 34 21 34 
34 21 34 21 34 21 34 
34 21 34 
34 21 34 
31 21 31 
31 21 31 
35 15 34 15 
35 15 34 15 
34 21 34 
34 21 34 
31 21 31 
31 21 31 
21 34 
21 34 
34 21 34 
34 21 34 
15 21 15 
15 21 15 
15 21 15 
15 21 15 
34 21 34 
34 21 34 
21 34 21 34 
21 34 21 34 
15 34 15 34 15 34 15 34 
15 34 15 34 15 34 15 34 
15 21 15 
15 21 15 
34 21 34 
34 21 34 
34 21 34 
34 21 34 
21 15 
21 15 
34 21 34 
34 21 34 
15 34 
15 34 
34 21 34 
34 21 34 
15 21 15 
15 21 15 
15 21 15 21 15 21 15 
15 21 15 21 15 21 15 
15 21 15 
15 21 15 
15 21 15 
15 21 15 
21 34 
21 34 
34 15 
34 15 
31 21 31 
31 21 31 
34 21 34 
34 21 34 
15 21 15 21 15 21 15 
15 21 15 21 15 21 15 
31 21 31 
31 21 31 
34 31 34 
34 31 34 
34 21 34 
34 21 34 
34 31 34 
34 31 34 
15 21 15 21 15 
15 21 15 21 15 
34 21 34 21 34 
34 21 34 21 34 
34 21 34 
34 21 34 
15 21 15 
15 21 15 
34 21 34 
34 21 34 
34 21 34 
34 21 34 
34 21 34 
34 21 34 
15 21 15 
15 21 15 
34 21 34 
34 21 34 
34 21 34 
34 21 34 
36 21 
36 21 
15 21 15 21 15 21 15 21 15 21 15 21 15 21 15 21 15 21 15 
15 21 15 21 15 21 15 21 15 21 15 21 15 21 15 21 15 21 15 
34 10 
34 10 
34 21 34 
34 21 34 
31 21 31 
31 21 31 
34 15 34 31 15 31 
34 15 34 31 15 31 
15 35 15 
15 35 15 
15 21 15 
15 21 15 
15 21 15 21 15 21 15 
15 21 15 21 15 21 15 
34 21 34 21 34 
34 21 34 21 34 
15 31 
15 31 
31 21 31 
31 21 31 
15 21 15 
15 21 15 
15 21 15 21 15 34 21 34 
15 21 15 21 15 34 21 34 
15 21 15 21 15 34 21 34 
15 21 15 21 15 34 21 34 
15 21 15 
15 21 15 
31 21 31 21 31 21 31 
31 21 31 21 31 21 31 
21 15 21 15 21 15 21 15 
21 15 21 15 21 15 21 15 
34 21 34 
34 21 34 
31 21 31 21 31 21 31 
31 21 31 21 31 21 31 
34 21 34 
34 21 34 
34 21 34 
34 21 34 
31 21 31 21 31 21 31 
31 21 31 21 31 21 31 
15 21 15 
15 21 15 
35 21 35 
35 21 35 
15 21 15 21 15 21 15 
15 21 15 21 15 21 15 
15 21 15 21 15 
15 21 15 21 15 
15 21 15 21 15 
15 21 15 21 15 
15 21 15 21 15 21 15 
15 21 15 21 15 21 15 
34 21 34 
34 21 34 
34 21 34 
34 21 34 
34 21 34 
34 21 34 
21 31 
21 31 
34 21 34 21 34 
34 21 34 21 34 
15 21 15 34 21 34 21 34 21 34 
15 21 15 34 21 34 21 34 21 34 
15 21 15 34 21 34 21 34 21 34 
15 21 15 34 21 34 21 34 21 34 
15 34 15 
15 34 15 
21 34 21 34 
21 34 21 34 
31 21 31 
31 21 31 
15 21 15 21 15 21 15 21 15 21 15 21 15 21 15 21 15 
15 21 15 21 15 21 15 21 15 21 15 21 15 21 15 21 15 
34 21 34 21 34 21 34 
34 21 34 21 34 21 34 
15 21 15 21 15 21 15 21 15 21 15 21 15 21 15 21 15 
15 21 15 21 15 21 15 21 15 21 15 21 15 21 15 21 15 
15 21 15 21 15 21 15 
15 21 15 21 15 21 15 
15 21 15 
15 21 15 
35 21 35 
35 21 35 
15 21 15 
15 21 15 
15 21 15 21 15 21 15 21 15 
15 21 15 21 15 21 15 21 15 
31 21 31 21 31 21 31 21 31 21 31 
31 21 31 21 31 21 31 21 31 21 31 
34 21 34 21 34 21 34 
34 21 34 21 34 21 34 
15 21 15 
15 21 15 
34 21 34 
34 21 34 
31 21 31 
31 21 31 
15 21 15 
15 21 15 
34 31 
34 31 
34 31 
34 31 
15 21 15 
15 21 15 
15 34 
15 34 
31 21 31 
31 21 31 
34 21 34 
34 21 34 
34 21 34 
34 21 34 
15 21 15 21 15 21 15 21 15 21 15 
15 21 15 21 15 21 15 21 15 21 15 
34 21 34 
34 21 34 
15 21 15 21 15 21 15 21 15 21 15 
15 21 15 21 15 21 15 21 15 21 15 
15 21 15 21 15 21 15 21 15 21 15 
15 21 15 21 15 21 15 21 15 21 15 
15 21 15 21 15 21 15 21 15 21 15 
15 21 15 21 15 21 15 21 15 21 15 
15 21 15 21 15 21 15 21 15 21 15 
15 21 15 21 15 21 15 21 15 21 15 
15 21 15 21 15 21 15 21 15 21 15 
15 21 15 21 15 21 15 21 15 21 15 
15 21 15 21 15 21 15 21 15 21 15 
15 21 15 21 15 21 15 21 15 21 15 
15 21 15 21 15 21 15 21 15 21 15 
15 21 15 21 15 21 15 21 15 21 15 
21 15 
21 15 
15 21 15 21 15 21 15 
15 21 15 21 15 21 15 
21 15 
21 15 
34 21 34 
34 21 34 
34 21 34 
34 21 34 
34 21 34 
34 21 34 
34 21 34 
34 21 34 
34 21 34 
34 21 34 
34 21 34 
34 21 34 
34 21 34 
34 21 34 
15 21 15 
15 21 15 
15 34 15 21 15 34 15 34 15 21 15 34 15 21 15 34 
15 34 15 21 15 34 15 34 15 21 15 34 15 21 15 34 
31 21 31 
31 21 31 
34 15 34 15 
34 15 34 15 
34 15 34 15 34 21 34 
34 15 34 15 34 21 34 
15 34 15 34 15 
15 34 15 34 15 
15 21 15 
15 21 15 
34 21 34 
34 21 34 
34 15 34 15 34 15 21 15 21 15 
34 15 34 15 34 15 21 15 21 15 
31 34 
31 34 
34 31 
34 31 
31 21 31 
31 21 31 
34 21 34 
34 21 34 
34 21 34 
34 21 34 
34 21 34 
34 21 34 
34 21 34 
34 21 34 
34 21 34 
34 21 34 
34 21 34 
34 21 34 
34 21 34 31 21 31 
34 21 34 31 21 31 
15 21 15 21 15 6 
15 21 15 21 15 6 
15 21 15 
15 21 15 
21 29 
21 29 
21 29 
21 29 
21 15 21 15 21 15 21 15 21 15 
21 15 21 15 21 15 21 15 21 15 
31 21 31 21 31 21 31 21 31 21 31 
31 21 31 21 31 21 31 21 31 21 31 
34 21 34 
34 21 34 
15 21 15 21 15 21 15 21 15 21 15 21 15 21 15 21 15 21 15 
15 21 15 21 15 21 15 21 15 21 15 21 15 21 15 21 15 21 15 
21 29 
21 29 
15 21 15 
15 21 15 
34 21 34 21 34 
34 21 34 21 34 
31 21 31 
31 21 31 
15 21 15 21 15 
15 21 15 21 15 
15 21 15 
15 21 15 
34 21 34 
34 21 34 
15 21 15 21 15 
15 21 15 21 15 
15 21 15 
15 21 15 
31 21 31 
31 21 31 
15 34 15 
15 34 15 
34 21 34 
34 21 34 
31 21 31 
31 21 31 
15 21 15 
15 21 15 
15 21 15 
15 21 15 
31 21 31 
31 21 31 
15 21 15 
15 21 15 
31 21 31 21 31 21 31 
31 21 31 21 31 21 31 
15 21 15 
15 21 15 
15 21 15 
15 21 15 
34 21 34 21 34 21 34 21 34 21 34 
34 21 34 21 34 21 34 21 34 21 34 
34 21 34 
34 21 34 
31 21 31 
31 21 31 
34 21 34 
34 21 34 
34 21 34 
34 21 34 
31 21 31 21 31 21 31 
31 21 31 21 31 21 31 
34 21 34 
34 21 34 
15 30 
15 30 
31 34 31 29 15 34 
31 34 31 29 15 34 
21 34 31 15 34 15 31 
21 34 31 15 34 15 31 
15 21 15 
15 21 15 
34 21 34 21 34 21 34 
34 21 34 21 34 21 34 
15 21 15 
15 21 15 
15 21 15 21 15 21 15 
15 21 15 21 15 21 15 
15 21 15 
15 21 15 
31 21 31 
31 21 31 
34 21 34 
34 21 34 
34 21 34 
34 21 34 
34 21 34 
34 21 34 
34 21 34 
34 21 34 
31 21 31 
31 21 31 
34 21 34 
34 21 34 
31 21 31 
31 21 31 
34 21 34 21 34 21 34 21 34 
34 21 34 21 34 21 34 21 34 
31 21 31 
31 21 31 
31 21 31 
31 21 31 
21 34 
21 34 
31 21 31 
31 21 31 
34 21 34 
34 21 34 
34 21 34 
34 21 34 
34 21 34 
34 21 34 
34 21 34 
34 21 34 
34 21 34 
34 21 34 
0 21 0 
0 21 0 
34 21 34 
34 21 34 
34 21 34 
34 21 34 
31 21 31 
31 21 31 
34 21 34 
34 21 34 
34 21 34 21 34 21 34 
34 21 34 21 34 21 34 
34 15 
34 15 
34 21 34 
34 21 34 
10 21 10 
10 21 10 
34 21 34 
34 21 34 
34 21 34 
34 21 34 
15 21 15 21 15 21 15 
15 21 15 21 15 21 15 
31 29 15 34 
31 29 15 34 
15 21 15 
15 21 15 
31 15 
31 15 
21 36 
21 36 
31 15 
31 15 
31 34 15 31 
31 34 15 31 
21 36 
21 36 
21 36 
21 36 
21 36 
21 36 
21 36 
21 36 
21 36 
21 36 
21 36 
21 36 
34 31 29 15 34 
34 31 29 15 34 
34 21 34 21 34 21 34 
34 21 34 21 34 21 34 
34 21 34 21 34 
34 21 34 21 34 
34 21 34 21 34 
34 21 34 21 34 
34 21 34 21 34 
34 21 34 21 34 
34 21 34 21 34 21 34 
34 21 34 21 34 21 34 
15 21 15 
15 21 15 
34 21 34 
34 21 34 
21 30 
21 30 
34 21 34 
34 21 34 
34 21 34 
34 21 34 
15 21 15 
15 21 15 
34 21 34 
34 21 34 
34 21 34 21 34 21 34 
34 21 34 21 34 21 34 
34 21 34 
34 21 34 
15 21 15 
15 21 15 
21 35 
21 35 
31 21 31 21 31 21 31 21 31 21 31 
31 21 31 21 31 21 31 21 31 21 31 
34 21 34 
34 21 34 
21 2 
21 2 
34 21 34 21 34 21 34 
34 21 34 21 34 21 34 
34 21 34 21 34 21 34 21 34 21 34 
34 21 34 21 34 21 34 21 34 21 34 
15 31 34 35 34 15 34 15 34 15 31 34 31 15 
15 31 34 35 34 15 34 15 34 15 31 34 31 15 
31 21 31 
31 21 31 
21 34 
21 34 
34 2 
34 2 
34 21 34 21 34 21 34 
34 21 34 21 34 21 34 
34 21 34 
34 21 34 
34 21 34 21 34 21 34 
34 21 34 21 34 21 34 
34 21 34 
34 21 34 
34 21 34 
34 21 34 
34 21 34 
34 21 34 
34 21 34 
34 21 34 
34 21 34 
34 21 34 
34 21 34 
34 21 34 
15 21 15 21 15 21 15 
15 21 15 21 15 21 15 
34 21 34 21 34 21 34 
34 21 34 21 34 21 34 
15 21 15 
15 21 15 
31 21 31 21 31 21 31 
31 21 31 21 31 21 31 
34 21 34 
34 21 34 
15 21 15 21 15 21 15 
15 21 15 21 15 21 15 
21 35 
21 35 
15 21 15 21 15 21 15 
15 21 15 21 15 21 15 
15 21 15 21 15 21 15 
15 21 15 21 15 21 15 
15 21 15 
15 21 15 
34 21 34 
34 21 34 
31 21 31 
31 21 31 
15 21 15 
15 21 15 
15 21 15 21 15 
15 21 15 21 15 
15 21 15 21 15 
15 21 15 21 15 
15 21 15 21 15 
15 21 15 21 15 
15 21 15 21 15 
15 21 15 21 15 
15 21 15 21 15 
15 21 15 21 15 
15 21 15 
15 21 15 
34 21 34 
34 21 34 
15 21 15 
15 21 15 
31 21 31 
31 21 31 
31 21 31 
31 21 31 
31 21 31 
31 21 31 
31 21 31 
31 21 31 
15 34 
15 34 
34 21 34 21 34 21 34 
34 21 34 21 34 21 34 
15 21 15 21 15 21 15 
15 21 15 21 15 21 15 
10 21 10 
10 21 10 
34 21 34 
34 21 34 
15 21 15 21 15 
15 21 15 21 15 
31 21 31 21 31 21 31 21 31 21 31 
31 21 31 21 31 21 31 21 31 21 31 
15 34 
15 34 
34 21 34 
34 21 34 
15 34 
15 34 
21 15 
21 15 
15 34 
15 34 
15 34 
15 34 
31 21 31 34 21 34 21 34 
31 21 31 34 21 34 21 34 
34 21 34 
34 21 34 
34 21 34 
34 21 34 
6 21 6 
6 21 6 
15 21 15 21 15 21 15 21 15 21 15 21 15 21 15 
15 21 15 21 15 21 15 21 15 21 15 21 15 21 15 
34 21 34 21 34 
34 21 34 21 34 
31 21 31 21 31 21 31 21 31 21 31 
31 21 31 21 31 21 31 21 31 21 31 
34 21 34 
34 21 34 
34 21 34 
34 21 34 
34 21 34 15 21 15 
34 21 34 15 21 15 
34 21 34 15 21 15 
34 21 34 15 21 15 
34 21 34 15 21 15 
34 21 34 15 21 15 
34 21 34 15 21 15 
34 21 34 15 21 15 
34 21 34 15 21 15 
34 21 34 15 21 15 
34 21 34 21 34 21 34 
34 21 34 21 34 21 34 
31 21 31 
31 21 31 
15 21 15 21 15 21 15 
15 21 15 21 15 21 15 
15 21 15 
15 21 15 
15 21 15 21 15 21 15 
15 21 15 21 15 21 15 
15 21 15 
15 21 15 
15 21 15 
15 21 15 
15 34 
15 34 
34 15 
34 15 
15 21 15 
15 21 15 
21 35 
21 35 
15 21 15 
15 21 15 
34 21 34 
34 21 34 
34 21 34 
34 21 34 
34 21 34 
34 21 34 
31 21 31 
31 21 31 
34 21 34 
34 21 34 
34 21 34 21 34 21 34 
34 21 34 21 34 21 34 
34 21 34 21 34 21 34 
34 21 34 21 34 21 34 
31 21 31 
31 21 31 
34 21 34 21 34 
34 21 34 21 34 
15 21 15 21 15 21 15 
15 21 15 21 15 21 15 
35 21 
35 21 
15 21 15 21 15 21 15 
15 21 15 21 15 21 15 
31 21 31 21 31 15 21 15 
31 21 31 21 31 15 21 15 
15 21 15 21 15 21 15 
15 21 15 21 15 21 15 
15 31 15 
15 31 15 
15 31 15 
15 31 15 
31 21 31 
31 21 31 
34 21 34 21 34 
34 21 34 21 34 
15 21 15 21 15 21 15 21 15 21 15 21 15 
15 21 15 21 15 21 15 21 15 21 15 21 15 
15 21 15 21 15 21 15 21 15 21 15 21 15 
15 21 15 21 15 21 15 21 15 21 15 21 15 
15 21 15 21 15 21 15 21 15 21 15 21 15 
15 21 15 21 15 21 15 21 15 21 15 21 15 
15 21 15 21 15 21 15 21 15 21 15 21 15 
15 21 15 21 15 21 15 21 15 21 15 21 15 
15 21 15 21 15 21 15 21 15 21 15 21 15 
15 21 15 21 15 21 15 21 15 21 15 21 15 
15 21 15 21 15 21 15 21 15 21 15 21 15 
15 21 15 21 15 21 15 21 15 21 15 21 15 
31 21 31 
31 21 31 
15 21 15 21 15 21 15 
15 21 15 21 15 21 15 
15 21 15 21 15 21 15 
15 21 15 21 15 21 15 
15 21 15 21 15 21 15 
15 21 15 21 15 21 15 
15 21 15 
15 21 15 
31 21 31 
31 21 31 
31 21 31 
31 21 31 
31 21 31 
31 21 31 
15 21 15 21 15 21 15 
15 21 15 21 15 21 15 
31 21 31 
31 21 31 
31 21 31 
31 21 31 
31 21 31 
31 21 31 
31 21 31 
31 21 31 
31 21 31 
31 21 31 
34 21 34 
34 21 34 
15 21 15 21 15 21 15 21 15 21 15 34 21 34 21 34 21 34 21 34 21 34 21 34 
15 21 15 21 15 21 15 21 15 21 15 34 21 34 21 34 21 34 21 34 21 34 21 34 
34 21 34 15 21 15 21 15 
34 21 34 15 21 15 21 15 
15 21 15 21 15 
15 21 15 21 15 
15 21 15 
15 21 15 
31 21 31 21 31 21 31 21 31 21 31 
31 21 31 21 31 21 31 21 31 21 31 
2 15 
2 15 
34 21 34 
34 21 34 
34 21 34 21 34 21 34 
34 21 34 21 34 21 34 
34 21 34 21 34 21 34 
34 21 34 21 34 21 34 
15 21 15 21 15 21 15 
15 21 15 21 15 21 15 
34 21 34 21 34 
34 21 34 21 34 
21 34 21 34 
21 34 21 34 
34 21 34 
34 21 34 
15 21 15 
15 21 15 
15 21 15 
15 21 15 
15 21 15 
15 21 15 
34 21 34 
34 21 34 
34 21 34 
34 21 34 
34 15 31 
34 15 31 
34 15 31 
34 15 31 
34 21 34 
34 21 34 
34 21 34 
34 21 34 
31 21 31 
31 21 31 
31 21 31 
31 21 31 
21 6 
21 6 
15 21 15 
15 21 15 
31 21 31 
31 21 31 
21 34 
21 34 
21 34 
21 34 
21 34 
21 34 
34 21 34 
34 21 34 
29 3 
29 3 
34 21 34 
34 21 34 
15 21 15 
15 21 15 
21 2 
21 2 
15 21 15 21 15 21 15 
15 21 15 21 15 21 15 
31 21 31 
31 21 31 
31 21 31 21 31 21 31 
31 21 31 21 31 21 31 
34 21 34 
34 21 34 
34 21 34 21 34 21 34 21 34 21 34 
34 21 34 21 34 21 34 21 34 21 34 
31 21 31 21 31 
31 21 31 21 31 
34 15 
34 15 
31 21 31 21 31 
31 21 31 21 31 
34 21 34 
34 21 34 
34 21 34 
34 21 34 
34 21 34 21 34 21 34 
34 21 34 21 34 21 34 
15 21 15 
15 21 15 
15 21 15 
15 21 15 
31 21 31 
31 21 31 
34 15 34 15 34 31 34 15 34 31 
34 15 34 15 34 31 34 15 34 31 
34 21 34 21 34 21 34 21 34 21 34 
34 21 34 21 34 21 34 21 34 21 34 
21 34 
21 34 
15 21 15 21 15 21 15 
15 21 15 21 15 21 15 
34 21 34 
34 21 34 
34 21 34 
34 21 34 
15 21 15 21 15 21 15 
15 21 15 21 15 21 15 
35 21 
35 21 
34 21 34 
34 21 34 
21 34 
21 34 
31 34 
31 34 
31 34 
31 34 
34 21 
34 21 
34 21 34 
34 21 34 
34 21 34 
34 21 34 
34 21 34 
34 21 34 
15 21 15 21 15 
15 21 15 21 15 
15 21 34 
15 21 34 
15 21 15 21 15 
15 21 15 21 15 
31 21 31 
31 21 31 
34 21 34 
34 21 34 
31 21 31 
31 21 31 
6 21 6 
6 21 6 
20 21 20 
20 21 20 
34 21 34 
34 21 34 
34 21 34 
34 21 34 
34 21 34 
34 21 34 
34 31 34 
34 31 34 
34 35 
34 35 
34 31 34 
34 31 34 
34 15 34 
34 15 34 
31 21 31 
31 21 31 
15 34 
15 34 
15 34 
15 34 
34 21 34 
34 21 34 
35 20 24 35 
35 20 24 35 
31 21 31 
31 21 31 
31 21 31 
31 21 31 
34 21 34 21 34 
34 21 34 21 34 
34 21 34 
34 21 34 
31 21 31 
31 21 31 
31 15 31 
31 15 31 
34 21 34 
34 21 34 
34 21 34 21 34 21 34 21 34 
34 21 34 21 34 21 34 21 34 
34 21 34 21 34 21 34 21 34 
34 21 34 21 34 21 34 21 34 
21 34 21 34 21 34 
21 34 21 34 21 34 
35 21 35 
35 21 35 
34 21 34 21 34 
34 21 34 21 34 
21 34 21 34 21 34 
21 34 21 34 21 34 
6 21 6 
6 21 6 
31 21 31 21 31 
31 21 31 21 31 
6 21 6 
6 21 6 
21 29 
21 29 
21 29 
21 29 
21 29 
21 29 
21 29 
21 29 
21 29 
21 29 
21 29 
21 29 
6 21 6 
6 21 6 
6 21 6 
6 21 6 
6 21 6 
6 21 6 
6 21 6 
6 21 6 
6 21 6 
6 21 6 
6 21 6 
6 21 6 
15 21 15 
15 21 15 
15 21 15 21 15 21 15 
15 21 15 21 15 21 15 
34 21 34 
34 21 34 
34 21 34 
34 21 34 
34 21 34 
34 21 34 
21 15 21 
21 15 21 
34 21 34 21 34 
34 21 34 21 34 
15 21 15 
15 21 15 
34 21 34 15 34 21 34 
34 21 34 15 34 21 34 
15 21 15 
15 21 15 
31 21 31 
31 21 31 
31 21 31 21 31 21 31 
31 21 31 21 31 21 31 
31 21 31 21 31 21 31 21 31 21 31 
31 21 31 21 31 21 31 21 31 21 31 
31 21 31 21 31 21 31 
31 21 31 21 31 21 31 
34 21 34 21 34 21 34 
34 21 34 21 34 21 34 
31 21 31 
31 21 31 
34 21 34 
34 21 34 
34 21 34 
34 21 34 
34 21 34 21 34 21 34 21 34 21 34 
34 21 34 21 34 21 34 21 34 21 34 
34 21 34 
34 21 34 
31 21 31 
31 21 31 
15 21 15 21 15 21 15 
15 21 15 21 15 21 15 
34 21 34 
34 21 34 
15 21 15 
15 21 15 
15 21 15 
15 21 15 
34 21 34 
34 21 34 
31 34 15 31 
31 34 15 31 
34 21 34 
34 21 34 
31 34 21 34 21 34 
31 34 21 34 21 34 
31 34 21 34 21 34 
31 34 21 34 21 34 
15 21 15 
15 21 15 
34 21 34 21 34 21 34 21 34 21 34 
34 21 34 21 34 21 34 21 34 21 34 
34 21 
34 21 
31 21 31 34 21 34 
31 21 31 34 21 34 
15 21 15 
15 21 15 
34 21 34 
34 21 34 
34 21 34 
34 21 34 
15 21 15 
15 21 15 
34 15 34 15 
34 15 34 15 
34 15 34 15 
34 15 34 15 
34 21 34 
34 21 34 
34 21 34 
34 21 34 
34 21 34 
34 21 34 
34 21 34 
34 21 34 
35 21 35 
35 21 35 
15 21 15 
15 21 15 
34 21 34 
34 21 34 
35 21 35 
35 21 35 
15 21 15 21 15 21 15 21 15 
15 21 15 21 15 21 15 21 15 
34 21 34 21 34 21 34 21 34 21 34 
34 21 34 21 34 21 34 21 34 21 34 
21 31 
21 31 
34 31 
34 31 
34 15 
34 15 
15 21 15 
15 21 15 
34 21 34 
34 21 34 
35 15 
35 15 
31 21 31 
31 21 31 
34 21 34 
34 21 34 
34 21 34 
34 21 34 
15 21 15 21 15 21 15 
15 21 15 21 15 21 15 
31 21 31 
31 21 31 
15 21 15 21 15 
15 21 15 21 15 
34 21 34 
34 21 34 
31 21 31 
31 21 31 
34 21 34 
34 21 34 
34 21 34 
34 21 34 
15 21 15 
15 21 15 
34 21 34 
34 21 34 
34 21 34 
34 21 34 
15 21 15 35 
15 21 15 35 
31 21 31 
31 21 31 
31 21 31 
31 21 31 
31 21 31 
31 21 31 
31 21 31 
31 21 31 
15 34 15 34 15 34 15 34 15 
15 34 15 34 15 34 15 34 15 
21 30 
21 30 
21 30 
21 30 
21 30 
21 30 
31 21 31 21 31 21 31 
31 21 31 21 31 21 31 
15 21 15 
15 21 15 
15 21 15 
15 21 15 
15 21 15 
15 21 15 
34 21 34 21 34 21 34 
34 21 34 21 34 21 34 
34 21 34 
34 21 34 
34 21 34 21 34 21 34 21 34 21 34 21 15 21 15 34 21 34 21 34 
34 21 34 21 34 21 34 21 34 21 34 21 15 21 15 34 21 34 21 34 
15 21 15 21 15 
15 21 15 21 15 
15 21 15 
15 21 15 
31 21 31 
31 21 31 
34 21 34 
34 21 34 
35 21 35 
35 21 35 
34 21 34 21 34 
34 21 34 21 34 
15 21 15 
15 21 15 
34 21 34 
34 21 34 
34 21 34 
34 21 34 
34 21 34 
34 21 34 
34 21 34 
34 21 34 
35 21 35 
35 21 35 
34 21 34 
34 21 34 
34 21 34 
34 21 34 
15 21 15 
15 21 15 
34 21 34 
34 21 34 
34 21 34 
34 21 34 
15 21 15 
15 21 15 
31 21 31 
31 21 31 
34 21 34 21 34 
34 21 34 21 34 
15 21 15 
15 21 15 
31 21 31 
31 21 31 
31 21 31 
31 21 31 
15 21 15 21 15 21 15 
15 21 15 21 15 21 15 
15 21 15 21 15 21 15 21 15 21 15 
15 21 15 21 15 21 15 21 15 21 15 
34 21 34 21 34 21 34 21 34 21 34 21 34 
34 21 34 21 34 21 34 21 34 21 34 21 34 
15 34 
15 34 
15 21 15 
15 21 15 
34 21 34 
34 21 34 
34 21 34 
34 21 34 
34 21 34 
34 21 34 
15 21 15 
15 21 15 
15 21 15 
15 21 15 
34 21 34 21 34 21 34 
34 21 34 21 34 21 34 
15 21 15 21 15 
15 21 15 21 15 
31 21 31 
31 21 31 
15 21 15 21 15 21 15 
15 21 15 21 15 21 15 
34 21 34 
34 21 34 
31 21 31 
31 21 31 
34 21 34 
34 21 34 
31 34 31 34 31 29 15 34 15 31 15 34 
31 34 31 34 31 29 15 34 15 31 15 34 
31 21 31 
31 21 31 
31 34 31 34 31 29 15 34 15 31 
31 34 31 34 31 29 15 34 15 31 
31 21 31 
31 21 31 
34 21 31 
34 21 31 
31 21 31 
31 21 31 
15 21 15 
15 21 15 
15 21 15 
15 21 15 
35 21 35 
35 21 35 
35 21 35 
35 21 35 
34 21 34 
34 21 34 
35 21 35 
35 21 35 
15 21 15 
15 21 15 
34 21 34 
34 21 34 
21 34 
21 34 
35 21 
35 21 
34 21 34 
34 21 34 
31 21 31 
31 21 31 
35 21 31 21 31 21 31 21 31 
35 21 31 21 31 21 31 21 31 
34 21 34 
34 21 34 
34 21 34 
34 21 34 
34 21 34 
34 21 34 
15 21 15 
15 21 15 
34 21 34 
34 21 34 
34 21 34 
34 21 34 
15 21 15 21 15 21 15 
15 21 15 21 15 21 15 
34 21 34 21 34 
34 21 34 21 34 
34 21 34 21 34 
34 21 34 21 34 
34 21 34 21 34 
34 21 34 21 34 
34 21 34 21 34 
34 21 34 21 34 
34 21 34 
34 21 34 
34 21 34 
34 21 34 
21 34 21 34 21 34 21 34 21 34 21 34 21 34 21 34 21 34 
21 34 21 34 21 34 21 34 21 34 21 34 21 34 21 34 21 34 
34 21 34 
34 21 34 
34 21 34 
34 21 34 
34 21 34 
34 21 34 
31 15 31 15 
31 15 31 15 
31 21 31 21 31 21 31 
31 21 31 21 31 21 31 
35 21 35 21 35 
35 21 35 21 35 
31 34 
31 34 
30 34 30 34 
30 34 30 34 
34 21 34 19 21 19 
34 21 34 19 21 19 
15 21 15 
15 21 15 
34 21 34 
34 21 34 
34 21 34 
34 21 34 
31 21 31 
31 21 31 
34 21 34 
34 21 34 
15 21 15 
15 21 15 
34 21 34 21 34 21 34 
34 21 34 21 34 21 34 
34 15 37 15 
34 15 37 15 
34 21 34 
34 21 34 
31 21 31 
31 21 31 
21 30 
21 30 
31 21 31 
31 21 31 
34 21 34 
34 21 34 
31 21 31 
31 21 31 
34 21 34 21 34 21 34 
34 21 34 21 34 21 34 
31 21 31 
31 21 31 
34 21 34 
34 21 34 
34 15 34 
34 15 34 
31 21 31 21 31 21 31 21 31 21 31 
31 21 31 21 31 21 31 21 31 21 31 
34 21 34 
34 21 34 
34 21 34 
34 21 34 
31 21 31 
31 21 31 
31 21 31 
31 21 31 
31 21 31 
31 21 31 
15 21 15 21 15 21 15 
15 21 15 21 15 21 15 
31 21 31 
31 21 31 
15 21 15 21 15 21 15 
15 21 15 21 15 21 15 
34 21 34 
34 21 34 
31 21 31 
31 21 31 
15 21 15 
15 21 15 
34 15 
34 15 
35 21 35 
35 21 35 
31 21 31 
31 21 31 
31 21 31 
31 21 31 
31 21 31 
31 21 31 
15 21 15 21 15 21 15 
15 21 15 21 15 21 15 
15 21 15 21 15 21 15 21 15 21 15 
15 21 15 21 15 21 15 21 15 21 15 
31 34 30 34 15 
31 34 30 34 15 
31 21 31 
31 21 31 
15 21 15 
15 21 15 
34 21 34 
34 21 34 
15 21 15 21 15 21 15 
15 21 15 21 15 21 15 
15 21 15 
15 21 15 
15 21 15 
15 21 15 
34 31 
34 31 
15 21 15 21 15 
15 21 15 21 15 
31 21 31 
31 21 31 
15 21 15 
15 21 15 
34 21 34 
34 21 34 
6 29 6 
6 29 6 
15 21 15 21 15 21 15 
15 21 15 21 15 21 15 
34 15 34 
34 15 34 
34 21 34 
34 21 34 
34 21 34 21 34 
34 21 34 21 34 
34 21 34 
34 21 34 
34 21 34 21 34 
34 21 34 21 34 
34 21 34 15 34 21 34 
34 21 34 15 34 21 34 
34 15 
34 15 
15 34 
15 34 
34 21 34 
34 21 34 
21 30 
21 30 
34 21 34 
34 21 34 
35 21 35 
35 21 35 
31 21 31 
31 21 31 
34 21 34 
34 21 34 
31 21 31 
31 21 31 
31 21 31 
31 21 31 
15 21 15 
15 21 15 
15 21 15 
15 21 15 
34 21 34 
34 21 34 
34 21 34 21 34 21 34 
34 21 34 21 34 21 34 
31 21 31 
31 21 31 
34 15 
34 15 
31 21 31 
31 21 31 
31 21 31 
31 21 31 
31 21 31 
31 21 31 
34 21 34 21 34 21 34 21 34 21 34 
34 21 34 21 34 21 34 21 34 21 34 
15 21 15 21 15 21 15 21 15 
15 21 15 21 15 21 15 21 15 
15 21 15 
15 21 15 
35 20 
35 20 
34 21 34 
34 21 34 
34 21 34 
34 21 34 
34 21 34 
34 21 34 
34 21 34 
34 21 34 
34 21 34 
34 21 34 
34 21 34 
34 21 34 
34 21 34 
34 21 34 
34 21 34 
34 21 34 
34 21 34 
34 21 34 
34 21 34 
34 21 34 
31 21 31 
31 21 31 
31 21 31 
31 21 31 
34 21 34 21 34 
34 21 34 21 34 
21 34 21 35 
21 34 21 35 
15 21 15 
15 21 15 
15 21 15 
15 21 15 
13 21 13 
13 21 13 
34 21 34 
34 21 34 
34 21 34 
34 21 34 
34 21 34 
34 21 34 
15 21 15 
15 21 15 
15 21 15 
15 21 15 
15 21 15 21 15 21 15 
15 21 15 21 15 21 15 
15 21 15 
15 21 15 
15 34 
15 34 
15 21 15 
15 21 15 
15 21 15 21 15 21 15 
15 21 15 21 15 21 15 
15 21 15 
15 21 15 
15 21 15 
15 21 15 
15 21 15 
15 21 15 
34 21 34 21 34 15 21 15 
34 21 34 21 34 15 21 15 
15 21 15 21 15 
15 21 15 21 15 
34 15 34 
34 15 34 
15 21 15 
15 21 15 
15 21 15 
15 21 15 
34 21 34 
34 21 34 
31 21 31 
31 21 31 
34 21 34 
34 21 34 
34 21 34 
34 21 34 
15 21 15 
15 21 15 
15 21 15 21 15 21 15 
15 21 15 21 15 21 15 
15 21 15 21 15 21 15 21 15 
15 21 15 21 15 21 15 21 15 
15 21 15 21 15 
15 21 15 21 15 
15 21 15 
15 21 15 
31 21 31 
31 21 31 
34 21 34 
34 21 34 
34 21 34 
34 21 34 
15 21 15 
15 21 15 
15 21 15 21 15 21 15 
15 21 15 21 15 21 15 
31 21 31 
31 21 31 
34 21 34 
34 21 34 
34 21 34 
34 21 34 
0 21 0 
0 21 0 
31 21 31 
31 21 31 
31 21 31 
31 21 31 
15 21 15 
15 21 15 
15 20 
15 20 
34 21 34 
34 21 34 
15 21 15 
15 21 15 
15 21 15 
15 21 15 
34 21 34 
34 21 34 
34 21 34 
34 21 34 
15 21 15 
15 21 15 
34 21 34 
34 21 34 
15 21 15 
15 21 15 
15 21 15 34 21 34 
15 21 15 34 21 34 
34 21 34 
34 21 34 
34 21 34 21 34 21 34 
34 21 34 21 34 21 34 
34 21 34 
34 21 34 
31 21 31 21 31 21 31 
31 21 31 21 31 21 31 
34 21 34 
34 21 34 
31 34 
31 34 
31 34 
31 34 
31 34 
31 34 
34 31 
34 31 
31 21 31 21 31 21 31 21 31 21 31 
31 21 31 21 31 21 31 21 31 21 31 
34 31 
34 31 
34 31 
34 31 
15 21 15 21 15 21 15 
15 21 15 21 15 21 15 
34 31 
34 31 
15 21 15 21 15 21 15 
15 21 15 21 15 21 15 
15 21 15 21 15 21 15 
15 21 15 21 15 21 15 
34 31 
34 31 
15 21 15 21 15 21 15 
15 21 15 21 15 21 15 
15 21 15 21 15 21 15 
15 21 15 21 15 21 15 
15 21 15 21 15 21 15 
15 21 15 21 15 21 15 
15 21 15 
15 21 15 
31 21 31 
31 21 31 
34 21 34 
34 21 34 
31 21 31 
31 21 31 
31 21 31 
31 21 31 
34 31 
34 31 
31 21 31 
31 21 31 
31 21 31 
31 21 31 
31 21 31 
31 21 31 
15 21 15 21 15 21 15 
15 21 15 21 15 21 15 
31 21 31 
31 21 31 
31 21 31 21 31 21 31 
31 21 31 21 31 21 31 
34 21 34 31 21 31 
34 21 34 31 21 31 
31 21 31 
31 21 31 
15 21 15 
15 21 15 
35 21 35 
35 21 35 
35 21 35 
35 21 35 
21 15 
21 15 
31 21 31 
31 21 31 
34 21 34 
34 21 34 
15 21 15 
15 21 15 
15 21 15 
15 21 15 
31 21 31 
31 21 31 
31 21 31 
31 21 31 
34 21 34 
34 21 34 
34 21 34 
34 21 34 
31 21 31 15 21 15 21 15 
31 21 31 15 21 15 21 15 
15 21 15 
15 21 15 
34 21 34 
34 21 34 
34 21 34 
34 21 34 
31 21 31 
31 21 31 
15 21 15 
15 21 15 
21 34 
21 34 
15 21 15 
15 21 15 
31 21 31 
31 21 31 
35 21 35 
35 21 35 
15 31 
15 31 
31 21 31 
31 21 31 
15 31 
15 31 
15 34 
15 34 
15 34 
15 34 
21 34 
21 34 
34 21 34 21 34 21 34 
34 21 34 21 34 21 34 
31 21 31 
31 21 31 
34 21 34 21 34 21 34 
34 21 34 21 34 21 34 
31 21 31 
31 21 31 
15 21 15 
15 21 15 
15 21 15 
15 21 15 
15 21 15 
15 21 15 
15 21 15 21 15 21 15 21 15 
15 21 15 21 15 21 15 21 15 
34 21 34 21 34 21 34 
34 21 34 21 34 21 34 
34 21 34 21 34 21 34 
34 21 34 21 34 21 34 
15 21 15 21 15 
15 21 15 21 15 
2 21 2 21 2 
2 21 2 21 2 
34 21 34 
34 21 34 
34 21 34 
34 21 34 
31 21 31 
31 21 31 
31 21 31 
31 21 31 
34 21 34 
34 21 34 
15 21 15 
15 21 15 
15 21 15 
15 21 15 
15 21 15 
15 21 15 
31 21 31 21 31 21 31 
31 21 31 21 31 21 31 
15 21 15 21 15 
15 21 15 21 15 
34 21 34 
34 21 34 
34 21 34 
34 21 34 
31 21 31 
31 21 31 
15 21 15 21 15 21 15 
15 21 15 21 15 21 15 
15 21 15 
15 21 15 
15 21 15 
15 21 15 
15 21 15 
15 21 15 
34 21 34 21 34 21 34 
34 21 34 21 34 21 34 
15 21 15 
15 21 15 
34 21 34 
34 21 34 
21 34 
21 34 
34 21 34 
34 21 34 
15 21 15 
15 21 15 
15 21 15 
15 21 15 
34 21 34 21 34 21 34 
34 21 34 21 34 21 34 
15 21 15 21 15 
15 21 15 21 15 
15 21 15 
15 21 15 
34 21 34 
34 21 34 
15 21 15 
15 21 15 
34 21 34 
34 21 34 
21 34 
21 34 
38 8 
38 8 
34 21 34 
34 21 34 
34 21 34 
34 21 34 
34 21 34 
34 21 34 
34 21 34 
34 21 34 
34 21 34 
34 21 34 
34 21 34 
34 21 34 
34 21 34 
34 21 34 
34 21 34 
34 21 34 
34 21 34 21 34 21 34 
34 21 34 21 34 21 34 
15 34 31 15 34 15 34 15 34 31 15 
15 34 31 15 34 15 34 15 34 31 15 
31 21 31 
31 21 31 
34 21 34 31 21 31 
34 21 34 31 21 31 
15 21 15 
15 21 15 
15 21 15 
15 21 15 
31 21 31 21 31 21 31 21 31 21 31 
31 21 31 21 31 21 31 21 31 21 31 
31 21 31 21 31 21 31 
31 21 31 21 31 21 31 
31 21 31 21 31 21 31 
31 21 31 21 31 21 31 
31 21 31 21 31 21 31 
31 21 31 21 31 21 31 
15 21 15 
15 21 15 
31 21 31 21 31 21 31 
31 21 31 21 31 21 31 
34 21 34 
34 21 34 
15 21 15 21 15 21 15 
15 21 15 21 15 21 15 
31 21 31 21 31 21 31 21 31 21 31 
31 21 31 21 31 21 31 21 31 21 31 
15 21 15 
15 21 15 
15 21 15 
15 21 15 
13 21 13 
13 21 13 
15 21 15 
15 21 15 
15 21 15 21 15 
15 21 15 21 15 
34 21 34 
34 21 34 
35 21 35 
35 21 35 
31 21 31 
31 21 31 
15 31 
15 31 
34 21 34 
34 21 34 
15 21 15 
15 21 15 
15 21 15 21 15 21 15 
15 21 15 21 15 21 15 
34 21 34 
34 21 34 
34 21 34 15 21 15 
34 21 34 15 21 15 
34 21 34 
34 21 34 
10 21 10 
10 21 10 
34 31 34 
34 31 34 
15 21 15 
15 21 15 
34 15 
34 15 
31 21 31 
31 21 31 
35 21 35 
35 21 35 
31 21 31 
31 21 31 
31 21 31 
31 21 31 
21 34 
21 34 
31 21 31 
31 21 31 
15 34 
15 34 
34 21 34 
34 21 34 
34 21 34 21 34 21 34 
34 21 34 21 34 21 34 
35 21 35 
35 21 35 
34 31 
34 31 
34 21 34 
34 21 34 
15 21 15 21 15 21 15 
15 21 15 21 15 21 15 
15 21 15 21 15 21 15 
15 21 15 21 15 21 15 
15 34 15 34 15 34 15 34 15 34 15 
15 34 15 34 15 34 15 34 15 34 15 
15 21 15 21 15 21 15 
15 21 15 21 15 21 15 
15 21 15 21 15 21 15 
15 21 15 21 15 21 15 
35 21 35 
35 21 35 
31 21 31 
31 21 31 
35 21 35 
35 21 35 
34 21 34 
34 21 34 
15 21 15 
15 21 15 
31 34 
31 34 
34 21 34 21 34 21 34 
34 21 34 21 34 21 34 
31 15 
31 15 
34 21 34 
34 21 34 
15 21 15 21 15 21 15 
15 21 15 21 15 21 15 
15 21 15 21 15 21 15 
15 21 15 21 15 21 15 
15 21 15 21 15 21 15 
15 21 15 21 15 21 15 
31 21 31 21 31 21 31 21 31 
31 21 31 21 31 21 31 21 31 
31 21 31 
31 21 31 
34 15 
34 15 
15 21 15 
15 21 15 
34 21 34 
34 21 34 
34 21 34 21 34 
34 21 34 21 34 
34 21 34 21 34 21 34 
34 21 34 21 34 21 34 
34 21 34 
34 21 34 
21 31 
21 31 
15 34 15 
15 34 15 
11 30 
11 30 
21 10 
21 10 
34 21 34 
34 21 34 
34 21 34 
34 21 34 
34 21 34 
34 21 34 
34 21 34 
34 21 34 
34 21 34 
34 21 34 
15 21 15 
15 21 15 
34 21 34 
34 21 34 
15 21 15 
15 21 15 
15 21 15 
15 21 15 
15 21 15 
15 21 15 
34 21 34 
34 21 34 
35 21 
35 21 
34 21 34 
34 21 34 
15 21 15 34 
15 21 15 34 
31 21 31 
31 21 31 
34 21 34 
34 21 34 
15 21 15 21 15 21 15 
15 21 15 21 15 21 15 
31 21 31 21 31 21 31 
31 21 31 21 31 21 31 
35 21 35 
35 21 35 
21 35 21 35 
21 35 21 35 
34 21 36 
34 21 36 
34 21 34 
34 21 34 
15 34 
15 34 
21 31 
21 31 
21 35 
21 35 
0 21 0 
0 21 0 
15 21 15 
15 21 15 
34 21 34 
34 21 34 
34 21 34 
34 21 34 
21 15 
21 15 
34 21 34 21 34 21 34 
34 21 34 21 34 21 34 
15 21 15 
15 21 15 
15 21 15 
15 21 15 
15 21 15 
15 21 15 
15 21 15 21 15 
15 21 15 21 15 
15 21 15 
15 21 15 
31 21 31 21 31 21 31 
31 21 31 21 31 21 31 
35 21 35 
35 21 35 
31 21 31 21 31 21 31 
31 21 31 21 31 21 31 
34 15 34 
34 15 34 
35 21 35 
35 21 35 
15 21 15 
15 21 15 
34 21 34 
34 21 34 
34 21 34 
34 21 34 
34 21 34 
34 21 34 
15 21 15 
15 21 15 
15 21 15 21 15 21 15 
15 21 15 21 15 21 15 
15 21 15 
15 21 15 
31 21 31 21 31 21 31 21 31 
31 21 31 21 31 21 31 21 31 
15 36 
15 36 
15 21 15 
15 21 15 
34 3 34 
34 3 34 
34 3 34 
34 3 34 
34 3 
34 3 
15 21 15 21 15 
15 21 15 21 15 
15 21 15 
15 21 15 
26 34 
26 34 
26 34 
26 34 
26 34 
26 34 
26 34 
26 34 
31 21 31 
31 21 31 
21 35 
21 35 
34 21 34 
34 21 34 
31 21 31 
31 21 31 
26 34 
26 34 
26 34 
26 34 
26 34 
26 34 
26 34 
26 34 
21 38 
21 38 
3 15 21 15 3 
3 15 21 15 3 
35 21 35 
35 21 35 
15 21 15 
15 21 15 
26 34 
26 34 
26 34 
26 34 
26 34 
26 34 
26 34 
26 34 
35 15 21 15 
35 15 21 15 
34 21 34 
34 21 34 
34 21 34 21 34 21 34 
34 21 34 21 34 21 34 
34 21 34 
34 21 34 
34 21 34 
34 21 34 
34 21 34 
34 21 34 
34 21 34 21 34 
34 21 34 21 34 
34 21 34 
34 21 34 
10 21 10 
10 21 10 
34 31 
34 31 
31 21 31 
31 21 31 
34 30 21 
34 30 21 
35 21 35 
35 21 35 
31 21 31 21 31 21 31 
31 21 31 21 31 21 31 
15 31 
15 31 
15 21 15 21 15 21 15 
15 21 15 21 15 21 15 
15 21 15 
15 21 15 
31 21 31 
31 21 31 
27 21 
27 21 
34 21 34 
34 21 34 
34 21 34 
34 21 34 
15 21 15 
15 21 15 
15 21 15 21 15 21 15 
15 21 15 21 15 21 15 
31 21 31 
31 21 31 
15 21 15 
15 21 15 
34 21 34 
34 21 34 
31 21 31 
31 21 31 
15 21 15 
15 21 15 
15 21 15 
15 21 15 
31 21 31 
31 21 31 
15 21 15 21 15 21 15 21 15 21 15 
15 21 15 21 15 21 15 21 15 21 15 
15 21 15 21 15 21 15 
15 21 15 21 15 21 15 
15 21 15 
15 21 15 
31 21 31 
31 21 31 
35 21 35 
35 21 35 
34 15 34 15 34 31 34 31 21 2 
34 15 34 15 34 31 34 31 21 2 
15 21 15 
15 21 15 
15 21 15 
15 21 15 
15 21 15 21 15 21 15 
15 21 15 21 15 21 15 
15 31 15 34 15 
15 31 15 34 15 
34 21 34 
34 21 34 
15 21 15 
15 21 15 
34 20 30 
34 20 30 
34 21 34 
34 21 34 
34 21 34 21 34 21 34 
34 21 34 21 34 21 34 
31 21 31 
31 21 31 
34 21 34 21 34 21 34 
34 21 34 21 34 21 34 
31 21 31 
31 21 31 
15 21 15 
15 21 15 
31 21 31 34 21 34 
31 21 31 34 21 34 
15 21 15 
15 21 15 
15 21 15 21 15 
15 21 15 21 15 
15 21 15 21 15 
15 21 15 21 15 
15 21 15 
15 21 15 
15 21 15 
15 21 15 
15 21 15 
15 21 15 
34 21 34 
34 21 34 
34 21 34 21 34 
34 21 34 21 34 
34 21 34 
34 21 34 
34 21 34 
34 21 34 
10 21 10 21 10 21 10 
10 21 10 21 10 21 10 
21 34 
21 34 
15 21 15 
15 21 15 
21 34 
21 34 
21 34 
21 34 
21 34 
21 34 
15 21 15 21 15 21 15 
15 21 15 21 15 21 15 
15 21 15 
15 21 15 
15 21 15 21 15 21 15 21 15 
15 21 15 21 15 21 15 21 15 
15 21 15 21 15 21 15 
15 21 15 21 15 21 15 
15 21 15 21 15 21 15 21 15 21 15 21 15 
15 21 15 21 15 21 15 21 15 21 15 21 15 
15 21 15 21 15 21 15 21 15 21 15 21 15 21 15 21 15 21 15 
15 21 15 21 15 21 15 21 15 21 15 21 15 21 15 21 15 21 15 
31 21 31 
31 21 31 
31 21 31 
31 21 31 
31 21 31 
31 21 31 
10 21 10 
10 21 10 
10 21 10 
10 21 10 
31 21 31 
31 21 31 
10 21 10 
10 21 10 
15 2 
15 2 
15 21 2 21 2 21 2 21 2 
15 21 2 21 2 21 2 21 2 
15 21 15 21 15 21 15 21 15 
15 21 15 21 15 21 15 21 15 
15 21 0 
15 21 0 
34 21 34 
34 21 34 
35 21 35 
35 21 35 
15 21 15 
15 21 15 
34 21 34 
34 21 34 
34 21 
34 21 
2 15 
2 15 
15 21 15 
15 21 15 
34 15 
34 15 
34 21 
34 21 
31 21 31 21 31 21 31 21 31 21 31 
31 21 31 21 31 21 31 21 31 21 31 
15 21 15 21 15 21 15 
15 21 15 21 15 21 15 
31 21 31 21 31 21 31 
31 21 31 21 31 21 31 
15 21 15 
15 21 15 
34 21 34 
34 21 34 
15 21 15 21 15 21 15 
15 21 15 21 15 21 15 
31 34 
31 34 
15 34 15 21 
15 34 15 21 
34 21 34 
34 21 34 
34 21 34 
34 21 34 
15 21 15 21 15 21 15 
15 21 15 21 15 21 15 
15 21 15 21 15 21 15 
15 21 15 21 15 21 15 
15 21 15 21 15 
15 21 15 21 15 
34 21 34 
34 21 34 
34 21 34 
34 21 34 
34 15 34 30 34 15 34 15 34 
34 15 34 30 34 15 34 15 34 
34 21 34 
34 21 34 
31 21 31 
31 21 31 
31 21 31 21 31 21 31 21 31 
31 21 31 21 31 21 31 21 31 
11 30 
11 30 
31 21 31 21 31 
31 21 31 21 31 
34 21 34 21 34 21 34 21 34 21 34 
34 21 34 21 34 21 34 21 34 21 34 
35 21 35 
35 21 35 
35 21 35 
35 21 35 
3 21 3 
3 21 3 
15 34 
15 34 
34 21 34 21 34 21 34 
34 21 34 21 34 21 34 
15 21 15 
15 21 15 
31 21 31 21 31 21 31 
31 21 31 21 31 21 31 
21 34 
21 34 
31 21 31 
31 21 31 
35 21 35 
35 21 35 
31 21 31 
31 21 31 
31 21 31 
31 21 31 
15 21 15 
15 21 15 
15 21 15 
15 21 15 
34 21 34 21 34 21 34 
34 21 34 21 34 21 34 
35 21 35 
35 21 35 
15 21 15 
15 21 15 
21 35 
21 35 
31 15 
31 15 
31 15 
31 15 
31 15 
31 15 
31 15 
31 15 
31 21 31 21 31 21 31 
31 21 31 21 31 21 31 
34 21 34 21 34 21 34 
34 21 34 21 34 21 34 
31 21 31 21 31 21 31 
31 21 31 21 31 21 31 
31 21 31 21 31 21 31 
31 21 31 21 31 21 31 
34 21 34 15 21 15 
34 21 34 15 21 15 
15 21 15 21 15 21 15 
15 21 15 21 15 21 15 
35 21 35 
35 21 35 
31 21 31 
31 21 31 
31 21 31 
31 21 31 
34 21 34 21 34 
34 21 34 21 34 
15 34 
15 34 
15 34 
15 34 
35 21 35 
35 21 35 
35 21 35 
35 21 35 
34 21 34 15 21 15 
34 21 34 15 21 15 
34 21 34 
34 21 34 
34 15 34 15 
34 15 34 15 
15 21 15 
15 21 15 
34 21 34 
34 21 34 
15 21 15 21 15 21 15 
15 21 15 21 15 21 15 
34 21 34 
34 21 34 
15 21 15 
15 21 15 
34 21 34 
34 21 34 
34 21 34 21 34 21 34 21 34 21 34 
34 21 34 21 34 21 34 21 34 21 34 
15 21 15 
15 21 15 
34 21 34 
34 21 34 
34 21 34 
34 21 34 
21 35 
21 35 
34 21 34 
34 21 34 
34 21 34 
34 21 34 
34 15 34 15 34 15 34 30 34 
34 15 34 15 34 15 34 30 34 
34 21 34 
34 21 34 
15 21 15 21 15 21 15 
15 21 15 21 15 21 15 
21 34 21 34 
21 34 21 34 
21 34 21 34 
21 34 21 34 
31 34 
31 34 
15 21 15 
15 21 15 
34 36 
34 36 
34 21 34 
34 21 34 
34 21 34 
34 21 34 
34 21 34 
34 21 34 
15 21 15 
15 21 15 
34 21 34 
34 21 34 
15 21 15 
15 21 15 
15 21 15 
15 21 15 
34 21 34 
34 21 34 
34 21 34 
34 21 34 
15 21 15 
15 21 15 
15 21 15 
15 21 15 
34 15 
34 15 
34 21 34 21 34 21 34 
34 21 34 21 34 21 34 
34 21 34 
34 21 34 
31 21 31 
31 21 31 
10 15 34 15 10 15 
10 15 34 15 10 15 
15 21 15 
15 21 15 
15 21 15 
15 21 15 
30 3 
30 3 
34 21 34 
34 21 34 
31 21 31 
31 21 31 
34 21 34 21 34 21 34 
34 21 34 21 34 21 34 
34 21 34 21 34 21 34 
34 21 34 21 34 21 34 
34 21 34 21 34 21 34 
34 21 34 21 34 21 34 
34 21 34 
34 21 34 
34 21 34 
34 21 34 
34 21 34 
34 21 34 
34 21 34 
34 21 34 
34 21 34 21 34 21 34 21 34 21 34 
34 21 34 21 34 21 34 21 34 21 34 
31 21 31 21 31 21 31 
31 21 31 21 31 21 31 
34 15 34 15 34 
34 15 34 15 34 
35 21 35 
35 21 35 
35 21 35 
35 21 35 
34 21 34 
34 21 34 
34 21 34 
34 21 34 
34 21 34 
34 21 34 
34 21 34 21 34 21 34 
34 21 34 21 34 21 34 
15 10 
15 10 
15 21 15 
15 21 15 
34 21 34 21 34 
34 21 34 21 34 
15 21 15 
15 21 15 
31 21 31 
31 21 31 
34 21 34 
34 21 34 
31 21 31 
31 21 31 
35 20 
35 20 
15 21 15 
15 21 15 
31 21 31 21 31 21 31 
31 21 31 21 31 21 31 
34 21 34 
34 21 34 
31 21 31 21 31 21 31 
31 21 31 21 31 21 31 
15 21 15 
15 21 15 
15 21 15 21 15 
15 21 15 21 15 
34 21 34 
34 21 34 
0 21 0 
0 21 0 
31 21 31 
31 21 31 
34 21 34 
34 21 34 
15 21 15 21 15 21 15 
15 21 15 21 15 21 15 
34 15 31 15 
34 15 31 15 
1 21 1 
1 21 1 
34 21 34 21 34 
34 21 34 21 34 
15 34 15 34 15 
15 34 15 34 15 
15 21 15 
15 21 15 
34 21 34 
34 21 34 
15 34 15 34 
15 34 15 34 
15 21 15 
15 21 15 
34 21 34 
34 21 34 
35 21 35 
35 21 35 
15 21 15 
15 21 15 
31 21 31 21 31 21 31 
31 21 31 21 31 21 31 
31 21 31 21 31 
31 21 31 21 31 
34 21 34 
34 21 34 
15 34 31 
15 34 31 
34 21 34 
34 21 34 
34 21 34 
34 21 34 
34 21 34 
34 21 34 
34 21 34 
34 21 34 
34 21 34 
34 21 34 
21 34 
21 34 
34 31 
34 31 
31 21 31 
31 21 31 
31 21 31 
31 21 31 
15 21 15 
15 21 15 
15 21 15 21 15 
15 21 15 21 15 
34 21 34 21 34 21 34 
34 21 34 21 34 21 34 
34 21 34 
34 21 34 
34 15 
34 15 
34 21 34 
34 21 34 
34 15 
34 15 
15 21 15 34 21 34 21 34 21 34 
15 21 15 34 21 34 21 34 21 34 
34 21 34 
34 21 34 
34 21 34 
34 21 34 
34 21 34 21 34 21 34 
34 21 34 21 34 21 34 
15 21 15 
15 21 15 
15 21 15 21 15 
15 21 15 21 15 
15 21 15 
15 21 15 
15 21 15 
15 21 15 
34 21 34 
34 21 34 
15 21 15 
15 21 15 
34 21 34 
34 21 34 
15 21 15 21 15 21 15 21 15 21 15 21 15 
15 21 15 21 15 21 15 21 15 21 15 21 15 
34 15 
34 15 
15 21 15 
15 21 15 
15 21 15 
15 21 15 
34 15 34 
34 15 34 
15 21 15 
15 21 15 
31 21 31 
31 21 31 
34 21 34 21 34 
34 21 34 21 34 
34 21 34 
34 21 34 
34 21 34 
34 21 34 
34 21 34 
34 21 34 
15 21 15 
15 21 15 
15 21 15 
15 21 15 
15 21 15 
15 21 15 
6 34 15 34 6 
6 34 15 34 6 
6 34 15 34 6 
6 34 15 34 6 
34 21 34 31 21 31 
34 21 34 31 21 31 
31 21 31 21 31 21 31 
31 21 31 21 31 21 31 
34 21 34 
34 21 34 
15 21 15 21 15 21 15 34 21 34 
15 21 15 21 15 21 15 34 21 34 
31 21 31 
31 21 31 
15 21 15 21 15 
15 21 15 21 15 
34 21 34 
34 21 34 
21 34 
21 34 
15 21 15 21 15 21 15 
15 21 15 21 15 21 15 
15 21 15 
15 21 15 
35 21 
35 21 
15 21 15 21 15 
15 21 15 21 15 
15 21 15 21 15 21 15 
15 21 15 21 15 21 15 
34 21 34 
34 21 34 
35 21 35 
35 21 35 
34 21 34 
34 21 34 
34 15 
34 15 
34 15 34 15 34 15 35 
34 15 34 15 34 15 35 
31 21 31 
31 21 31 
10 15 30 15 
10 15 30 15 
15 21 15 
15 21 15 
15 34 
15 34 
34 21 34 
34 21 34 
34 21 34 
34 21 34 
15 34 
15 34 
31 21 31 
31 21 31 
31 21 31 
31 21 31 
21 6 
21 6 
15 21 15 21 15 
15 21 15 21 15 
15 31 15 
15 31 15 
34 21 34 
34 21 34 
15 21 15 
15 21 15 
34 21 34 
34 21 34 
15 21 15 21 15 21 15 
15 21 15 21 15 21 15 
15 34 15 34 
15 34 15 34 
15 34 15 34 
15 34 15 34 
15 34 15 34 
15 34 15 34 
15 34 15 34 
15 34 15 34 
34 15 34 15 31 34 
34 15 34 15 31 34 
34 21 34 21 34 
34 21 34 21 34 
15 21 15 21 15 21 15 
15 21 15 21 15 21 15 
34 15 
34 15 
34 21 34 
34 21 34 
34 21 34 
34 21 34 
34 21 34 
34 21 34 
34 21 34 
34 21 34 
34 21 34 
34 21 34 
15 21 15 
15 21 15 
15 21 15 
15 21 15 
31 21 31 
31 21 31 
31 21 31 
31 21 31 
34 15 
34 15 
15 21 15 21 15 21 15 
15 21 15 21 15 21 15 
21 31 
21 31 
15 21 15 
15 21 15 
15 21 15 21 15 21 15 21 15 
15 21 15 21 15 21 15 21 15 
35 21 35 
35 21 35 
35 21 35 
35 21 35 
34 21 34 
34 21 34 
31 15 
31 15 
35 21 35 
35 21 35 
35 21 35 
35 21 35 
34 21 34 
34 21 34 
34 21 34 
34 21 34 
15 21 15 
15 21 15 
15 34 15 31 15 
15 34 15 31 15 
34 21 34 21 34 21 34 
34 21 34 21 34 21 34 
34 21 34 
34 21 34 
34 21 34 
34 21 34 
15 21 15 
15 21 15 
31 21 31 
31 21 31 
15 21 15 
15 21 15 
34 21 34 
34 21 34 
35 21 35 
35 21 35 
34 21 34 21 34 21 34 
34 21 34 21 34 21 34 
34 21 34 21 34 21 34 
34 21 34 21 34 21 34 
31 21 31 
31 21 31 
15 35 
15 35 
15 34 
15 34 
34 21 34 
34 21 34 
15 21 15 
15 21 15 
34 21 34 
34 21 34 
35 21 35 
35 21 35 
34 21 34 
34 21 34 
34 21 34 
34 21 34 
15 35 
15 35 
34 21 34 
34 21 34 
35 21 35 
35 21 35 
34 21 34 
34 21 34 
34 21 34 
34 21 34 
31 21 31 21 31 21 31 21 31 21 31 
31 21 31 21 31 21 31 21 31 21 31 
34 15 
34 15 
31 21 31 21 31 21 31 21 31 21 31 
31 21 31 21 31 21 31 21 31 21 31 
31 21 31 21 31 21 31 
31 21 31 21 31 21 31 
31 21 31 
31 21 31 
15 21 15 
15 21 15 
34 21 34 
34 21 34 
31 21 31 
31 21 31 
15 21 15 21 15 21 15 
15 21 15 21 15 21 15 
15 21 15 
15 21 15 
34 21 34 
34 21 34 
15 21 15 
15 21 15 
15 21 15 
15 21 15 
34 21 34 21 34 21 34 21 34 21 34 
34 21 34 21 34 21 34 21 34 21 34 
0 21 0 
0 21 0 
0 21 0 
0 21 0 
21 15 
21 15 
34 21 34 
34 21 34 
34 21 34 
34 21 34 
34 21 34 
34 21 34 
15 21 15 21 15 
15 21 15 21 15 
29 21 29 
29 21 29 
29 21 29 
29 21 29 
29 21 29 
29 21 29 
29 21 29 
29 21 29 
34 21 34 
34 21 34 
34 21 34 
34 21 34 
15 21 15 
15 21 15 
31 21 31 21 31 21 31 
31 21 31 21 31 21 31 
34 15 
34 15 
34 21 34 
34 21 34 
31 21 31 21 31 21 31 
31 21 31 21 31 21 31 
34 15 34 15 
34 15 34 15 
15 21 15 
15 21 15 
31 21 31 21 31 21 31 
31 21 31 21 31 21 31 
21 29 21 29 21 29 
21 29 21 29 21 29 
15 21 15 21 15 21 15 
15 21 15 21 15 21 15 
34 15 
34 15 
29 21 29 
29 21 29 
29 21 29 
29 21 29 
29 21 29 
29 21 29 
31 30 34 31 
31 30 34 31 
34 31 
34 31 
31 21 31 
31 21 31 
31 34 
31 34 
34 21 34 
34 21 34 
30 15 
30 15 
34 21 34 
34 21 34 
15 21 15 
15 21 15 
15 21 15 
15 21 15 
34 21 34 
34 21 34 
34 21 34 
34 21 34 
34 21 34 
34 21 34 
34 21 34 
34 21 34 
34 21 34 21 34 
34 21 34 21 34 
31 21 31 
31 21 31 
15 21 15 21 15 21 15 21 15 
15 21 15 21 15 21 15 21 15 
34 21 34 21 34 21 34 
34 21 34 21 34 21 34 
15 21 15 
15 21 15 
15 21 15 
15 21 15 
15 21 15 
15 21 15 
34 21 34 
34 21 34 
34 15 34 15 6 
34 15 34 15 6 
34 21 34 21 34 
34 21 34 21 34 
15 21 15 
15 21 15 
31 21 31 21 31 
31 21 31 21 31 
34 21 34 
34 21 34 
15 34 
15 34 
34 21 34 
34 21 34 
34 21 34 21 34 21 34 
34 21 34 21 34 21 34 
34 21 34 21 34 21 34 
34 21 34 21 34 21 34 
34 21 34 21 34 21 34 
34 21 34 21 34 21 34 
15 21 15 
15 21 15 
15 21 15 
15 21 15 
34 21 34 
34 21 34 
34 21 34 21 34 21 34 
34 21 34 21 34 21 34 
15 21 15 21 15 21 15 
15 21 15 21 15 21 15 
15 21 15 
15 21 15 
15 21 15 
15 21 15 
36 34 15 
36 34 15 
34 21 34 
34 21 34 
34 21 34 
34 21 34 
15 21 15 
15 21 15 
15 21 15 
15 21 15 
31 21 31 
31 21 31 
15 21 15 
15 21 15 
15 21 15 
15 21 15 
15 21 15 21 15 21 15 
15 21 15 21 15 21 15 
31 34 31 
31 34 31 
34 21 34 21 34 21 34 21 34 
34 21 34 21 34 21 34 21 34 
15 21 15 
15 21 15 
31 21 31 21 31 21 31 
31 21 31 21 31 21 31 
34 21 34 
34 21 34 
31 21 31 
31 21 31 
34 21 34 
34 21 34 
21 0 21 0 
21 0 21 0 
15 21 15 
15 21 15 
34 21 34 
34 21 34 
15 21 15 
15 21 15 
34 15 34 
34 15 34 
34 21 34 21 34 21 34 
34 21 34 21 34 21 34 
15 35 
15 35 
15 21 15 21 15 21 15 
15 21 15 21 15 21 15 
21 34 21 34 
21 34 21 34 
15 21 15 21 15 21 15 
15 21 15 21 15 21 15 
15 21 15 
15 21 15 
31 21 31 
31 21 31 
15 21 15 
15 21 15 
34 21 34 
34 21 34 
15 21 15 
15 21 15 
31 35 31 
31 35 31 
34 21 34 
34 21 34 
15 21 15 
15 21 15 
34 21 34 21 34 21 34 21 34 21 34 21 34 21 34 21 34 21 34 
34 21 34 21 34 21 34 21 34 21 34 21 34 21 34 21 34 21 34 
21 11 34 21 34 
21 11 34 21 34 
21 11 34 21 34 
21 11 34 21 34 
34 21 34 
34 21 34 
34 21 34 
34 21 34 
34 21 34 21 34 21 34 
34 21 34 21 34 21 34 
35 20 35 
35 20 35 
34 21 34 
34 21 34 
31 15 
31 15 
15 31 
15 31 
6 21 6 
6 21 6 
15 34 
15 34 
31 21 31 
31 21 31 
34 21 34 
34 21 34 
15 21 15 
15 21 15 
34 21 34 
34 21 34 
31 21 31 
31 21 31 
34 21 34 
34 21 34 
34 21 34 
34 21 34 
21 36 
21 36 
36 15 
36 15 
36 15 
36 15 
15 21 15 21 15 
15 21 15 21 15 
34 21 34 
34 21 34 
21 36 34 21 34 1 21 1 21 1 
21 36 34 21 34 1 21 1 21 1 
34 21 34 
34 21 34 
34 21 34 
34 21 34 
34 31 
34 31 
10 34 
10 34 
10 34 
10 34 
31 21 31 21 31 21 31 
31 21 31 21 31 21 31 
34 15 34 
34 15 34 
31 21 31 
31 21 31 
15 21 15 21 15 21 15 
15 21 15 21 15 21 15 
31 10 
10 31 
35 20 
35 20 
15 34 
35 36 
15 34 15 
15 34 15 
15 34 15 
15 34 15 
34 35 
15 34 15 
15 34 15 
0 15 
0 15 
15 36 34 
34 31 
34 15 34 30 10 34 15 
34 35 
34 35 
15 35 34 
29 15 34 
2 15 
15 34 
30 15 34 15 34 15 34 15 34 
15 34 
15 35 15 
35 21 
34 15 
15 34 
30 15 30 
35 21 
35 21 
15 34 
34 15 34 
15 31 15 34 
20 35 
20 35 
15 34 
15 34 
34 31 
15 31 34 
31 34 
31 15 30 15 31 15 31 15 
15 31 34 15 31 15 34 15 34 15 
3 34 3 
15 34 15 
3 34 3 
35 21 
30 11 
8 38 
34 15 34 
34 15 34 
38 8 
3 7 30 36 
3 7 30 36 
30 36 
21 35 34 
15 34 
21 34 35 
15 31 15 31 15 31 
15 31 15 31 15 31 
35 21 
35 1 
34 11 
35 21 
35 21 
20 35 
35 15 
15 31 15 31 15 31 15 
34 2 15 
15 31 35 
15 2 
35 15 
34 21 
34 31 15 34 15 34 10 15 34 
31 34 
34 15 34 31 15 31 35 15 31 15 
21 15 
15 34 
15 34 
34 20 
34 20 
31 34 15 34 15 34 31 15 34 31 34 
15 35 
15 34 15 31 
34 31 
34 31 
15 35 15 
15 35 15 
34 21 
35 21 
15 31 15 31 
31 34 
20 34 20 34 
15 34 
34 15 
15 35 
15 35 
15 35 
35 15 
36 35 25 35 
11 15 21 
34 31 34 15 34 
11 15 30 15 
15 31 15 31 15 31 15 31 15 31 
15 31 15 31 15 31 15 31 15 31 15 
8 38 21 
21 15 
21 35 
15 34 15 34 15 
20 35 15 34 15 
15 34 15 34 15 30 15 36 15 34 15 36 15 34 15 34 15 34 
15 35 
3 15 
3 15 
15 31 
15 31 
34 30 11 21 
6 34 
35 21 
34 15 34 
35 21 
30 15 34 30 
34 31 
34 15 
35 15 
35 36 35 
15 34 
15 34 
30 31 15 
8 38 
31 15 34 35 
34 15 34 
31 34 
15 34 
35 21 
34 15 
6 31 
35 21 
35 21 
15 34 
34 31 34 31 34 
15 31 
35 34 
6 34 15 31 15 34 15 34 15 31 15 
36 31 
31 36 
15 35 15 
15 35 15 
15 34 15 
15 34 15 34 15 31 15 31 15 
15 31 
15 35 15 
15 31 
15 31 
15 31 
15 31 15 
15 31 35 
19 34 
19 34 
34 15 34 
15 34 
20 34 20 
15 34 15 
38 8 
15 34 30 
21 34 36 34 36 34 36 34 36 34 36 34 36 34 36 34 36 34 
31 15 30 15 10 35 15 
35 21 
15 34 31 15 
34 15 34 15 34 15 34 15 34 15 34 15 34 15 34 
15 34 
15 34 
35 21 
34 31 
34 31 
20 35 
20 35 
34 31 
34 15 
34 15 34 
15 34 35 
31 15 34 
15 34 
34 15 34 
34 15 34 
34 15 
8 38 
34 31 34 31 15 
15 35 
34 31 
31 15 31 15 31 15 31 15 31 
34 15 31 34 15 34 15 34 15 31 15 
31 34 31 
35 15 
15 34 
15 34 
35 21 
16 33 21 
34 15 34 
34 31 34 
36 35 34 
34 35 34 
8 21 
34 31 34 
15 34 
15 34 
15 34 15 34 15 
34 15 34 
34 15 34 15 34 
35 21 
15 34 15 
21 36 
35 21 
35 21 
34 15 
34 15 
15 35 
34 35 34 15 35 34 15 35 
34 15 34 15 34 15 34 15 
35 21 
34 15 34 15 34 15 
34 15 34 
36 34 
35 21 
34 15 
34 31 
36 34 
15 31 15 
2 15 
35 21 
15 31 15 
35 21 
34 31 
35 20 35 
35 20 35 
20 35 
31 15 
31 34 15 
35 21 
31 34 
34 35 34 
21 34 15 34 15 34 
35 21 
34 15 34 
15 34 15 34 15 
10 34 
21 15 34 
15 30 15 31 15 31 15 31 15 
30 21 
3 35 
15 34 
15 31 
34 15 
34 15 34 
15 34 15 34 15 
34 15 34 
31 15 31 15 34 
34 31 34 31 34 31 15 31 34 31 15 34 31 34 31 34 31 34 
34 15 34 15 34 
15 34 15 
15 31 15 31 34 15 
15 34 15 
15 35 
35 15 
35 21 
15 34 35 
35 21 
15 34 15 
15 34 15 
15 6 15 34 31 15 
35 21 
34 15 
34 15 
34 3 35 
35 21 
30 21 30 
34 15 34 
34 31 
34 15 34 
34 15 
15 31 34 31 
35 21 
15 31 34 31 
36 34 
34 15 34 
34 15 34 
15 34 15 34 15 34 15 34 35 15 34 15 34 31 34 15 34 15 10 15 34 15 34 15 34 15 34 15 
34 15 34 
15 34 
10 34 10 
30 34 
10 34 10 
34 36 2 34 15 2 34 
31 15 31 15 
15 34 15 
35 21 
15 34 15 34 15 
15 36 
15 36 
15 36 
15 34 15 34 15 
15 36 
34 15 
34 6 
34 35 34 
15 34 15 
15 34 
15 34 15 
15 31 15 
15 34 
15 34 
31 34 15 
15 35 15 31 
15 31 
34 15 34 
15 34 
34 15 
34 35 15 
35 34 15 
34 11 
15 34 15 34 15 34 
35 34 15 34 
15 34 15 34 15 31 15 34 15 
34 35 34 
15 34 31 34 31 
31 34 15 
34 35 
15 34 
15 34 
15 10 15 
15 34 
34 15 34 
35 20 35 24 35 
35 20 
35 20 35 24 35 
35 15 
35 21 
15 34 15 31 
15 34 
15 34 
15 34 
15 34 
15 34 
15 34 
35 20 
34 15 34 
35 34 
15 34 
15 34 15 
31 34 
34 15 
31 34 
15 34 
30 34 15 
21 15 
21 16 33 
31 15 31 
21 15 
21 15 
21 15 
35 15 
34 3 15 
36 34 36 
36 34 36 
21 34 
31 34 
31 34 
15 34 15 35 15 
15 34 15 
34 21 
15 35 
35 38 
34 15 34 15 34 15 34 15 34 15 
1 15 
1 15 
1 15 
1 15 
15 35 
15 34 31 
15 34 31 15 
15 35 
15 35 
35 15 
35 15 
15 34 
30 36 
35 25 
34 31 15 31 15 34 
34 10 34 10 15 
35 21 
15 34 6 15 
34 21 
15 31 34 31 34 
34 15 34 
21 35 
31 36 
15 6 30 15 34 35 
15 35 
15 35 15 
35 15 
15 31 15 
15 34 15 31 
34 36 34 36 
15 34 
34 15 34 15 31 34 15 34 15 
36 31 34 
21 34 
35 20 
21 35 
15 10 34 15 
15 34 35 20 
36 34 15 34 35 15 
34 31 34 
15 34 35 20 31 
21 35 
34 15 
34 15 
34 15 
34 15 31 15 31 15 31 15 34 15 
15 34 35 20 
35 21 
34 15 
35 21 
15 34 
34 15 31 
34 15 
15 35 
15 34 
34 31 34 
35 34 
34 35 34 
15 35 15 
36 21 
34 36 34 21 
31 34 32 34 31 34 31 34 
0 35 
34 15 
15 21 
31 15 
31 15 31 
15 34 
15 34 
15 35 15 
15 34 31 15 
35 21 
34 15 
35 20 
34 21 
15 34 15 
15 31 15 34 31 15 31 15 
21 15 
15 21 
15 11 30 15 
15 34 
21 26 0 34 
25 21 
31 35 21 
15 21 
15 34 
15 31 15 
35 20 
15 34 15 34 
15 31 15 
15 34 15 34 
34 15 31 34 30 31 
36 34 
30 21 
30 21 
31 34 
31 34 
31 34 31 
34 31 
35 21 
15 31 15 31 15 31 
35 2 
2 35 2 
20 35 
31 34 
31 34 
35 20 
31 34 31 34 15 34 31 30 34 35 34 
34 15 34 15 34 31 34 31 15 34 
30 31 34 31 34 
31 34 
34 21 
35 21 
26 3 0 21 
15 34 15 
31 3 0 34 31 34 31 34 31 26 21 
15 34 15 
15 34 15 35 
21 35 
15 34 
35 20 
35 20 
35 15 
15 31 
15 34 15 21 
35 20 
36 21 34 
35 21 
34 31 34 
34 31 34 
34 15 34 
35 15 
35 15 
35 21 
15 34 
15 34 
31 15 34 15 34 31 34 
35 21 
15 34 15 
15 31 
34 36 34 
34 36 21 
31 34 31 35 
35 21 
21 35 
34 15 
15 34 31 34 
21 15 
36 34 
15 21 
31 34 
15 35 15 
15 31 
34 15 
34 31 34 
35 0 
34 15 31 15 31 15 
34 15 
15 34 
30 15 30 
35 21 
21 10 34 36 
10 34 36 
34 31 15 34 31 34 31 15 34 15 34 
34 31 15 34 31 34 31 15 34 15 34 
35 21 
35 0 27 
15 34 
34 15 
34 15 
10 34 
15 14 
15 34 10 15 34 
34 10 15 34 15 
15 36 15 
15 34 
30 11 
35 34 15 34 
15 31 15 
31 15 31 15 
21 11 
35 21 
15 34 15 34 15 34 15 
21 35 
21 35 
21 34 2 
15 34 15 34 15 
34 31 
15 21 
36 15 
21 34 31 
0 21 
0 21 
15 35 15 35 15 34 15 36 
15 34 
15 34 
15 34 
21 34 30 
34 31 34 31 34 31 35 34 21 
15 36 15 
34 15 2 15 34 15 2 34 
34 15 2 15 34 15 2 34 
15 34 15 34 15 34 
15 35 15 35 15 
15 34 
21 35 
15 34 15 
15 34 15 21 
15 34 15 
15 34 15 
21 35 
35 20 
35 15 
35 21 
0 35 
15 35 
15 36 15 21 
15 34 
31 15 34 15 
34 35 
15 34 
15 34 15 34 
31 15 
15 35 
34 15 
34 15 
34 15 
35 15 
15 35 
21 35 
3 15 
21 35 
34 15 
3 15 3 15 3 15 3 15 3 15 3 15 
35 21 
15 34 
15 34 
15 34 10 15 
15 34 15 
15 34 15 34 
15 34 15 
34 15 34 
34 15 31 15 
34 35 34 
31 34 31 
31 34 
35 21 
15 30 15 30 15 34 
15 34 15 34 15 
31 34 
35 21 
34 15 34 
15 34 15 31 15 34 
35 8 38 
35 21 
35 38 
35 38 35 
15 31 
30 11 
30 11 
21 31 
15 34 15 35 
35 21 
30 21 
30 21 
15 34 15 34 
15 31 
15 21 36 
34 2 34 2 15 
34 2 34 15 
15 34 
21 11 
2 34 
21 35 
21 35 
15 34 15 34 15 31 15 34 15 34 15 21 
15 34 15 34 15 31 15 34 15 34 15 21 
34 15 34 
34 3 
35 21 
15 34 
15 34 
34 35 34 
21 34 35 34 
15 34 15 
34 15 35 15 34 15 11 34 30 34 15 34 15 34 15 
8 38 
21 36 1 
34 21 1 36 
34 15 34 
31 15 
31 15 
15 34 15 34 
35 21 
25 21 
15 31 
15 34 
15 31 
21 30 
21 30 
35 21 
15 34 
15 34 
34 31 
15 31 
15 31 
15 35 
30 34 15 31 34 15 
15 35 
15 35 
15 34 15 2 15 31 15 34 
15 31 15 
34 35 
34 35 34 
21 30 
21 30 
31 15 
21 35 
31 34 31 
15 34 15 34 
34 31 
34 35 
34 15 31 
21 35 
21 35 
21 15 21 
15 34 
15 34 
36 30 15 
34 15 31 34 
15 34 31 34 
34 31 
34 35 34 
31 34 
34 31 
34 21 
34 15 34 
15 34 
15 21 
15 35 15 30 
15 35 15 
34 15 
34 30 35 34 
34 15 34 30 34 15 34 15 
34 15 34 15 34 15 31 15 34 15 34 15 34 
35 15 31 34 31 
34 35 
34 15 34 15 34 15 34 15 34 
34 15 34 15 34 
15 34 
15 34 
31 15 34 
34 30 15 34 20 15 34 20 34 36 34 30 34 15 20 
15 34 
34 21 35 
15 34 15 34 15 34 15 34 15 34 15 34 15 35 15 34 15 34 15 
15 34 15 34 15 34 15 35 
34 15 34 15 
34 15 
34 15 34 20 36 34 31 15 34 20 15 34 20 
34 15 34 15 35 15 34 15 34 15 34 15 
34 15 34 
34 15 34 
15 34 19 15 
15 34 19 15 
34 15 
15 35 
15 35 15 
21 27 
35 20 
2 34 
36 15 34 15 
21 35 
15 0 
34 15 
34 15 34 15 34 31 35 34 35 31 34 
10 34 30 10 15 34 15 34 
21 35 
35 21 
15 34 15 34 
36 30 15 
21 30 21 36 15 
15 34 
15 34 15 34 
15 34 15 34 21 
15 34 
20 29 
30 21 
34 15 
15 31 
15 34 
34 15 34 
34 15 34 
15 34 
31 15 
6 31 34 
6 34 
34 15 
15 21 
15 34 
15 35 
36 21 
21 36 
21 35 36 
15 35 
35 15 
35 15 
15 34 31 15 34 15 34 
34 15 34 15 34 15 
15 34 
34 31 15 31 34 
15 34 15 
34 15 34 15 
21 15 
31 15 34 21 
31 15 34 31 15 
15 35 
34 35 34 15 34 
15 34 
15 31 
21 35 
0 21 
34 15 31 15 34 15 34 
3 21 
30 21 3 21 
15 35 
15 34 
35 15 34 
34 35 
34 35 
15 20 15 
15 31 
35 21 
34 30 34 
34 15 34 36 
35 21 
30 11 34 36 34 15 34 15 30 34 15 31 
34 15 34 31 34 31 34 15 34 
21 35 
21 35 
21 35 
30 34 
31 34 
31 34 
15 31 
8 38 
34 31 34 
34 31 34 
35 31 
35 21 
35 21 
15 34 
36 2 
34 15 
35 21 
35 21 
35 21 
31 34 31 
31 34 31 
21 34 
8 38 
31 34 31 
34 36 15 36 34 15 34 36 15 36 10 15 31 15 36 34 15 36 34 
3 35 
